1 9
1 17
1 37
1 45
1 49
1 65
1 77
1 93
1 97
1 113
1 125
1 141
1 145
1 153
1 173
1 181
1 193
1 201
1 221
1 229
1 249
1 257
1 277
1 285
1 297
1 305
1 325
1 333
1 337
1 353
1 365
1 381
1 385
1 401
1 413
1 429
1 433
1 441
1 461
1 469
1 481
1 489
1 509
1 517
1 537
1 545
1 565
1 573
5 13
5 21
5 33
5 41
5 53
5 61
5 73
5 81
5 101
5 109
5 121
5 129
5 149
5 165
5 169
5 185
5 197
5 213
5 217
5 233
5 253
5 261
5 273
5 281
5 301
5 309
5 321
5 329
5 341
5 349
5 361
5 369
5 389
5 397
5 409
5 417
5 437
5 453
5 457
5 473
5 485
5 501
5 505
5 521
5 541
5 549
5 561
5 569
9 17
9 29
9 45
9 49
9 57
9 77
9 85
9 97
9 105
9 125
9 133
9 153
9 161
9 181
9 189
9 201
9 209
9 229
9 237
9 241
9 257
9 269
9 285
9 289
9 305
9 317
9 333
9 337
9 345
9 365
9 373
9 385
9 393
9 413
9 421
9 441
9 449
9 469
9 477
9 489
9 497
9 517
9 525
9 529
9 545
9 557
9 573
13 21
13 25
13 41
13 61
13 69
13 81
13 89
13 109
13 117
13 129
13 137
13 149
13 157
13 169
13 177
13 197
13 205
13 217
13 225
13 245
13 261
13 265
13 281
13 293
13 309
13 313
13 329
13 349
13 357
13 369
13 377
13 397
13 405
13 417
13 425
13 437
13 445
13 457
13 465
13 485
13 493
13 505
13 513
13 533
13 549
13 553
13 569
17 29
17 37
17 57
17 65
17 85
17 93
17 105
17 113
17 133
17 141
17 145
17 161
17 173
17 189
17 193
17 209
17 221
17 237
17 241
17 249
17 269
17 277
17 289
17 297
17 317
17 325
17 345
17 353
17 373
17 381
17 393
17 401
17 421
17 429
17 433
17 449
17 461
17 477
17 481
17 497
17 509
17 525
17 529
17 537
17 557
17 565
21 25
21 33
21 53
21 69
21 73
21 89
21 101
21 117
21 121
21 137
21 157
21 165
21 177
21 185
21 205
21 213
21 225
21 233
21 245
21 253
21 265
21 273
21 293
21 301
21 313
21 321
21 341
21 357
21 361
21 377
21 389
21 405
21 409
21 425
21 445
21 453
21 465
21 473
21 493
21 501
21 513
21 521
21 533
21 541
21 553
21 561
25 33
25 41
25 53
25 61
25 73
25 81
25 101
25 109
25 121
25 129
25 149
25 165
25 169
25 185
25 197
25 213
25 217
25 233
25 253
25 261
25 273
25 281
25 301
25 309
25 321
25 329
25 341
25 349
25 361
25 369
25 389
25 397
25 409
25 417
25 437
25 453
25 457
25 473
25 485
25 501
25 505
25 521
25 541
25 549
25 561
25 569
29 37
29 45
29 49
29 65
29 77
29 93
29 97
29 113
29 125
29 141
29 145
29 153
29 173
29 181
29 193
29 201
29 221
29 229
29 249
29 257
29 277
29 285
29 297
29 305
29 325
29 333
29 337
29 353
29 365
29 381
29 385
29 401
29 413
29 429
29 433
29 441
29 461
29 469
29 481
29 489
29 509
29 517
29 537
29 545
29 565
29 573
33 41
33 61
33 69
33 81
33 89
33 109
33 117
33 129
33 137
33 149
33 157
33 169
33 177
33 197
33 205
33 217
33 225
33 245
33 261
33 265
33 281
33 293
33 309
33 313
33 329
33 349
33 357
33 369
33 377
33 397
33 405
33 417
33 425
33 437
33 445
33 457
33 465
33 485
33 493
33 505
33 513
33 533
33 549
33 553
33 569
37 45
37 49
37 57
37 77
37 85
37 97
37 105
37 125
37 133
37 153
37 161
37 181
37 189
37 201
37 209
37 229
37 237
37 241
37 257
37 269
37 285
37 289
37 305
37 317
37 333
37 337
37 345
37 365
37 373
37 385
37 393
37 413
37 421
37 441
37 449
37 469
37 477
37 489
37 497
37 517
37 525
37 529
37 545
37 557
37 573
41 53
41 69
41 73
41 89
41 101
41 117
41 121
41 137
41 157
41 165
41 177
41 185
41 205
41 213
41 225
41 233
41 245
41 253
41 265
41 273
41 293
41 301
41 313
41 321
41 341
41 357
41 361
41 377
41 389
41 405
41 409
41 425
41 445
41 453
41 465
41 473
41 493
41 501
41 513
41 521
41 533
41 541
41 553
41 561
45 57
45 65
45 85
45 93
45 105
45 113
45 133
45 141
45 145
45 161
45 173
45 189
45 193
45 209
45 221
45 237
45 241
45 249
45 269
45 277
45 289
45 297
45 317
45 325
45 345
45 353
45 373
45 381
45 393
45 401
45 421
45 429
45 433
45 449
45 461
45 477
45 481
45 497
45 509
45 525
45 529
45 537
45 557
45 565
49 57
49 65
49 85
49 93
49 105
49 113
49 133
49 141
49 145
49 161
49 173
49 189
49 193
49 209
49 221
49 237
49 241
49 249
49 269
49 277
49 289
49 297
49 317
49 325
49 345
49 353
49 373
49 381
49 393
49 401
49 421
49 429
49 433
49 449
49 461
49 477
49 481
49 497
49 509
49 525
49 529
49 537
49 557
49 565
53 61
53 69
53 81
53 89
53 109
53 117
53 129
53 137
53 149
53 157
53 169
53 177
53 197
53 205
53 217
53 225
53 245
53 261
53 265
53 281
53 293
53 309
53 313
53 329
53 349
53 357
53 369
53 377
53 397
53 405
53 417
53 425
53 437
53 445
53 457
53 465
53 485
53 493
53 505
53 513
53 533
53 549
53 553
53 569
57 65
57 77
57 93
57 97
57 113
57 125
57 141
57 145
57 153
57 173
57 181
57 193
57 201
57 221
57 229
57 249
57 257
57 277
57 285
57 297
57 305
57 325
57 333
57 337
57 353
57 365
57 381
57 385
57 401
57 413
57 429
57 433
57 441
57 461
57 469
57 481
57 489
57 509
57 517
57 537
57 545
57 565
57 573
61 69
61 73
61 89
61 101
61 117
61 121
61 137
61 157
61 165
61 177
61 185
61 205
61 213
61 225
61 233
61 245
61 253
61 265
61 273
61 293
61 301
61 313
61 321
61 341
61 357
61 361
61 377
61 389
61 405
61 409
61 425
61 445
61 453
61 465
61 473
61 493
61 501
61 513
61 521
61 533
61 541
61 553
61 561
65 77
65 85
65 97
65 105
65 125
65 133
65 153
65 161
65 181
65 189
65 201
65 209
65 229
65 237
65 241
65 257
65 269
65 285
65 289
65 305
65 317
65 333
65 337
65 345
65 365
65 373
65 385
65 393
65 413
65 421
65 441
65 449
65 469
65 477
65 489
65 497
65 517
65 525
65 529
65 545
65 557
65 573
69 73
69 81
69 101
69 109
69 121
69 129
69 149
69 165
69 169
69 185
69 197
69 213
69 217
69 233
69 253
69 261
69 273
69 281
69 301
69 309
69 321
69 329
69 341
69 349
69 361
69 369
69 389
69 397
69 409
69 417
69 437
69 453
69 457
69 473
69 485
69 501
69 505
69 521
69 541
69 549
69 561
69 569
73 81
73 89
73 109
73 117
73 129
73 137
73 149
73 157
73 169
73 177
73 197
73 205
73 217
73 225
73 245
73 261
73 265
73 281
73 293
73 309
73 313
73 329
73 349
73 357
73 369
73 377
73 397
73 405
73 417
73 425
73 437
73 445
73 457
73 465
73 485
73 493
73 505
73 513
73 533
73 549
73 553
73 569
77 85
77 93
77 105
77 113
77 133
77 141
77 145
77 161
77 173
77 189
77 193
77 209
77 221
77 237
77 241
77 249
77 269
77 277
77 289
77 297
77 317
77 325
77 345
77 353
77 373
77 381
77 393
77 401
77 421
77 429
77 433
77 449
77 461
77 477
77 481
77 497
77 509
77 525
77 529
77 537
77 557
77 565
81 89
81 101
81 117
81 121
81 137
81 157
81 165
81 177
81 185
81 205
81 213
81 225
81 233
81 245
81 253
81 265
81 273
81 293
81 301
81 313
81 321
81 341
81 357
81 361
81 377
81 389
81 405
81 409
81 425
81 445
81 453
81 465
81 473
81 493
81 501
81 513
81 521
81 533
81 541
81 553
81 561
85 93
85 97
85 113
85 125
85 141
85 145
85 153
85 173
85 181
85 193
85 201
85 221
85 229
85 249
85 257
85 277
85 285
85 297
85 305
85 325
85 333
85 337
85 353
85 365
85 381
85 385
85 401
85 413
85 429
85 433
85 441
85 461
85 469
85 481
85 489
85 509
85 517
85 537
85 545
85 565
85 573
89 101
89 109
89 121
89 129
89 149
89 165
89 169
89 185
89 197
89 213
89 217
89 233
89 253
89 261
89 273
89 281
89 301
89 309
89 321
89 329
89 341
89 349
89 361
89 369
89 389
89 397
89 409
89 417
89 437
89 453
89 457
89 473
89 485
89 501
89 505
89 521
89 541
89 549
89 561
89 569
93 97
93 105
93 125
93 133
93 153
93 161
93 181
93 189
93 201
93 209
93 229
93 237
93 241
93 257
93 269
93 285
93 289
93 305
93 317
93 333
93 337
93 345
93 365
93 373
93 385
93 393
93 413
93 421
93 441
93 449
93 469
93 477
93 489
93 497
93 517
93 525
93 529
93 545
93 557
93 573
97 105
97 113
97 133
97 141
97 145
97 161
97 173
97 189
97 193
97 209
97 221
97 237
97 241
97 249
97 269
97 277
97 289
97 297
97 317
97 325
97 345
97 353
97 373
97 381
97 393
97 401
97 421
97 429
97 433
97 449
97 461
97 477
97 481
97 497
97 509
97 525
97 529
97 537
97 557
97 565
101 109
101 117
101 129
101 137
101 149
101 157
101 169
101 177
101 197
101 205
101 217
101 225
101 245
101 261
101 265
101 281
101 293
101 309
101 313
101 329
101 349
101 357
101 369
101 377
101 397
101 405
101 417
101 425
101 437
101 445
101 457
101 465
101 485
101 493
101 505
101 513
101 533
101 549
101 553
101 569
105 113
105 125
105 141
105 145
105 153
105 173
105 181
105 193
105 201
105 221
105 229
105 249
105 257
105 277
105 285
105 297
105 305
105 325
105 333
105 337
105 353
105 365
105 381
105 385
105 401
105 413
105 429
105 433
105 441
105 461
105 469
105 481
105 489
105 509
105 517
105 537
105 545
105 565
105 573
109 117
109 121
109 137
109 157
109 165
109 177
109 185
109 205
109 213
109 225
109 233
109 245
109 253
109 265
109 273
109 293
109 301
109 313
109 321
109 341
109 357
109 361
109 377
109 389
109 405
109 409
109 425
109 445
109 453
109 465
109 473
109 493
109 501
109 513
109 521
109 533
109 541
109 553
109 561
113 125
113 133
113 153
113 161
113 181
113 189
113 201
113 209
113 229
113 237
113 241
113 257
113 269
113 285
113 289
113 305
113 317
113 333
113 337
113 345
113 365
113 373
113 385
113 393
113 413
113 421
113 441
113 449
113 469
113 477
113 489
113 497
113 517
113 525
113 529
113 545
113 557
113 573
117 121
117 129
117 149
117 165
117 169
117 185
117 197
117 213
117 217
117 233
117 253
117 261
117 273
117 281
117 301
117 309
117 321
117 329
117 341
117 349
117 361
117 369
117 389
117 397
117 409
117 417
117 437
117 453
117 457
117 473
117 485
117 501
117 505
117 521
117 541
117 549
117 561
117 569
121 129
121 137
121 149
121 157
121 169
121 177
121 197
121 205
121 217
121 225
121 245
121 261
121 265
121 281
121 293
121 309
121 313
121 329
121 349
121 357
121 369
121 377
121 397
121 405
121 417
121 425
121 437
121 445
121 457
121 465
121 485
121 493
121 505
121 513
121 533
121 549
121 553
121 569
125 133
125 141
125 145
125 161
125 173
125 189
125 193
125 209
125 221
125 237
125 241
125 249
125 269
125 277
125 289
125 297
125 317
125 325
125 345
125 353
125 373
125 381
125 393
125 401
125 421
125 429
125 433
125 449
125 461
125 477
125 481
125 497
125 509
125 525
125 529
125 537
125 557
125 565
129 137
129 157
129 165
129 177
129 185
129 205
129 213
129 225
129 233
129 245
129 253
129 265
129 273
129 293
129 301
129 313
129 321
129 341
129 357
129 361
129 377
129 389
129 405
129 409
129 425
129 445
129 453
129 465
129 473
129 493
129 501
129 513
129 521
129 533
129 541
129 553
129 561
133 141
133 145
133 153
133 173
133 181
133 193
133 201
133 221
133 229
133 249
133 257
133 277
133 285
133 297
133 305
133 325
133 333
133 337
133 353
133 365
133 381
133 385
133 401
133 413
133 429
133 433
133 441
133 461
133 469
133 481
133 489
133 509
133 517
133 537
133 545
133 565
133 573
137 149
137 165
137 169
137 185
137 197
137 213
137 217
137 233
137 253
137 261
137 273
137 281
137 301
137 309
137 321
137 329
137 341
137 349
137 361
137 369
137 389
137 397
137 409
137 417
137 437
137 453
137 457
137 473
137 485
137 501
137 505
137 521
137 541
137 549
137 561
137 569
141 153
141 161
141 181
141 189
141 201
141 209
141 229
141 237
141 241
141 257
141 269
141 285
141 289
141 305
141 317
141 333
141 337
141 345
141 365
141 373
141 385
141 393
141 413
141 421
141 441
141 449
141 469
141 477
141 489
141 497
141 517
141 525
141 529
141 545
141 557
141 573
145 153
145 161
145 181
145 189
145 201
145 209
145 229
145 237
145 241
145 257
145 269
145 285
145 289
145 305
145 317
145 333
145 337
145 345
145 365
145 373
145 385
145 393
145 413
145 421
145 441
145 449
145 469
145 477
145 489
145 497
145 517
145 525
145 529
145 545
145 557
145 573
149 157
149 165
149 177
149 185
149 205
149 213
149 225
149 233
149 245
149 253
149 265
149 273
149 293
149 301
149 313
149 321
149 341
149 357
149 361
149 377
149 389
149 405
149 409
149 425
149 445
149 453
149 465
149 473
149 493
149 501
149 513
149 521
149 533
149 541
149 553
149 561
153 161
153 173
153 189
153 193
153 209
153 221
153 237
153 241
153 249
153 269
153 277
153 289
153 297
153 317
153 325
153 345
153 353
153 373
153 381
153 393
153 401
153 421
153 429
153 433
153 449
153 461
153 477
153 481
153 497
153 509
153 525
153 529
153 537
153 557
153 565
157 165
157 169
157 185
157 197
157 213
157 217
157 233
157 253
157 261
157 273
157 281
157 301
157 309
157 321
157 329
157 341
157 349
157 361
157 369
157 389
157 397
157 409
157 417
157 437
157 453
157 457
157 473
157 485
157 501
157 505
157 521
157 541
157 549
157 561
157 569
161 173
161 181
161 193
161 201
161 221
161 229
161 249
161 257
161 277
161 285
161 297
161 305
161 325
161 333
161 337
161 353
161 365
161 381
161 385
161 401
161 413
161 429
161 433
161 441
161 461
161 469
161 481
161 489
161 509
161 517
161 537
161 545
161 565
161 573
165 169
165 177
165 197
165 205
165 217
165 225
165 245
165 261
165 265
165 281
165 293
165 309
165 313
165 329
165 349
165 357
165 369
165 377
165 397
165 405
165 417
165 425
165 437
165 445
165 457
165 465
165 485
165 493
165 505
165 513
165 533
165 549
165 553
165 569
169 177
169 185
169 205
169 213
169 225
169 233
169 245
169 253
169 265
169 273
169 293
169 301
169 313
169 321
169 341
169 357
169 361
169 377
169 389
169 405
169 409
169 425
169 445
169 453
169 465
169 473
169 493
169 501
169 513
169 521
169 533
169 541
169 553
169 561
173 181
173 189
173 201
173 209
173 229
173 237
173 241
173 257
173 269
173 285
173 289
173 305
173 317
173 333
173 337
173 345
173 365
173 373
173 385
173 393
173 413
173 421
173 441
173 449
173 469
173 477
173 489
173 497
173 517
173 525
173 529
173 545
173 557
173 573
177 185
177 197
177 213
177 217
177 233
177 253
177 261
177 273
177 281
177 301
177 309
177 321
177 329
177 341
177 349
177 361
177 369
177 389
177 397
177 409
177 417
177 437
177 453
177 457
177 473
177 485
177 501
177 505
177 521
177 541
177 549
177 561
177 569
181 189
181 193
181 209
181 221
181 237
181 241
181 249
181 269
181 277
181 289
181 297
181 317
181 325
181 345
181 353
181 373
181 381
181 393
181 401
181 421
181 429
181 433
181 449
181 461
181 477
181 481
181 497
181 509
181 525
181 529
181 537
181 557
181 565
185 197
185 205
185 217
185 225
185 245
185 261
185 265
185 281
185 293
185 309
185 313
185 329
185 349
185 357
185 369
185 377
185 397
185 405
185 417
185 425
185 437
185 445
185 457
185 465
185 485
185 493
185 505
185 513
185 533
185 549
185 553
185 569
189 193
189 201
189 221
189 229
189 249
189 257
189 277
189 285
189 297
189 305
189 325
189 333
189 337
189 353
189 365
189 381
189 385
189 401
189 413
189 429
189 433
189 441
189 461
189 469
189 481
189 489
189 509
189 517
189 537
189 545
189 565
189 573
193 201
193 209
193 229
193 237
193 241
193 257
193 269
193 285
193 289
193 305
193 317
193 333
193 337
193 345
193 365
193 373
193 385
193 393
193 413
193 421
193 441
193 449
193 469
193 477
193 489
193 497
193 517
193 525
193 529
193 545
193 557
193 573
197 205
197 213
197 225
197 233
197 245
197 253
197 265
197 273
197 293
197 301
197 313
197 321
197 341
197 357
197 361
197 377
197 389
197 405
197 409
197 425
197 445
197 453
197 465
197 473
197 493
197 501
197 513
197 521
197 533
197 541
197 553
197 561
201 209
201 221
201 237
201 241
201 249
201 269
201 277
201 289
201 297
201 317
201 325
201 345
201 353
201 373
201 381
201 393
201 401
201 421
201 429
201 433
201 449
201 461
201 477
201 481
201 497
201 509
201 525
201 529
201 537
201 557
201 565
205 213
205 217
205 233
205 253
205 261
205 273
205 281
205 301
205 309
205 321
205 329
205 341
205 349
205 361
205 369
205 389
205 397
205 409
205 417
205 437
205 453
205 457
205 473
205 485
205 501
205 505
205 521
205 541
205 549
205 561
205 569
209 221
209 229
209 249
209 257
209 277
209 285
209 297
209 305
209 325
209 333
209 337
209 353
209 365
209 381
209 385
209 401
209 413
209 429
209 433
209 441
209 461
209 469
209 481
209 489
209 509
209 517
209 537
209 545
209 565
209 573
213 217
213 225
213 245
213 261
213 265
213 281
213 293
213 309
213 313
213 329
213 349
213 357
213 369
213 377
213 397
213 405
213 417
213 425
213 437
213 445
213 457
213 465
213 485
213 493
213 505
213 513
213 533
213 549
213 553
213 569
217 225
217 233
217 245
217 253
217 265
217 273
217 293
217 301
217 313
217 321
217 341
217 357
217 361
217 377
217 389
217 405
217 409
217 425
217 445
217 453
217 465
217 473
217 493
217 501
217 513
217 521
217 533
217 541
217 553
217 561
221 229
221 237
221 241
221 257
221 269
221 285
221 289
221 305
221 317
221 333
221 337
221 345
221 365
221 373
221 385
221 393
221 413
221 421
221 441
221 449
221 469
221 477
221 489
221 497
221 517
221 525
221 529
221 545
221 557
221 573
225 233
225 253
225 261
225 273
225 281
225 301
225 309
225 321
225 329
225 341
225 349
225 361
225 369
225 389
225 397
225 409
225 417
225 437
225 453
225 457
225 473
225 485
225 501
225 505
225 521
225 541
225 549
225 561
225 569
229 237
229 241
229 249
229 269
229 277
229 289
229 297
229 317
229 325
229 345
229 353
229 373
229 381
229 393
229 401
229 421
229 429
229 433
229 449
229 461
229 477
229 481
229 497
229 509
229 525
229 529
229 537
229 557
229 565
233 245
233 261
233 265
233 281
233 293
233 309
233 313
233 329
233 349
233 357
233 369
233 377
233 397
233 405
233 417
233 425
233 437
233 445
233 457
233 465
233 485
233 493
233 505
233 513
233 533
233 549
233 553
233 569
237 249
237 257
237 277
237 285
237 297
237 305
237 325
237 333
237 337
237 353
237 365
237 381
237 385
237 401
237 413
237 429
237 433
237 441
237 461
237 469
237 481
237 489
237 509
237 517
237 537
237 545
237 565
237 573
241 249
241 257
241 277
241 285
241 297
241 305
241 325
241 333
241 337
241 353
241 365
241 381
241 385
241 401
241 413
241 429
241 433
241 441
241 461
241 469
241 481
241 489
241 509
241 517
241 537
241 545
241 565
241 573
245 253
245 261
245 273
245 281
245 301
245 309
245 321
245 329
245 341
245 349
245 361
245 369
245 389
245 397
245 409
245 417
245 437
245 453
245 457
245 473
245 485
245 501
245 505
245 521
245 541
245 549
245 561
245 569
249 257
249 269
249 285
249 289
249 305
249 317
249 333
249 337
249 345
249 365
249 373
249 385
249 393
249 413
249 421
249 441
249 449
249 469
249 477
249 489
249 497
249 517
249 525
249 529
249 545
249 557
249 573
253 261
253 265
253 281
253 293
253 309
253 313
253 329
253 349
253 357
253 369
253 377
253 397
253 405
253 417
253 425
253 437
253 445
253 457
253 465
253 485
253 493
253 505
253 513
253 533
253 549
253 553
253 569
257 269
257 277
257 289
257 297
257 317
257 325
257 345
257 353
257 373
257 381
257 393
257 401
257 421
257 429
257 433
257 449
257 461
257 477
257 481
257 497
257 509
257 525
257 529
257 537
257 557
257 565
261 265
261 273
261 293
261 301
261 313
261 321
261 341
261 357
261 361
261 377
261 389
261 405
261 409
261 425
261 445
261 453
261 465
261 473
261 493
261 501
261 513
261 521
261 533
261 541
261 553
261 561
265 273
265 281
265 301
265 309
265 321
265 329
265 341
265 349
265 361
265 369
265 389
265 397
265 409
265 417
265 437
265 453
265 457
265 473
265 485
265 501
265 505
265 521
265 541
265 549
265 561
265 569
269 277
269 285
269 297
269 305
269 325
269 333
269 337
269 353
269 365
269 381
269 385
269 401
269 413
269 429
269 433
269 441
269 461
269 469
269 481
269 489
269 509
269 517
269 537
269 545
269 565
269 573
273 281
273 293
273 309
273 313
273 329
273 349
273 357
273 369
273 377
273 397
273 405
273 417
273 425
273 437
273 445
273 457
273 465
273 485
273 493
273 505
273 513
273 533
273 549
273 553
273 569
277 285
277 289
277 305
277 317
277 333
277 337
277 345
277 365
277 373
277 385
277 393
277 413
277 421
277 441
277 449
277 469
277 477
277 489
277 497
277 517
277 525
277 529
277 545
277 557
277 573
281 293
281 301
281 313
281 321
281 341
281 357
281 361
281 377
281 389
281 405
281 409
281 425
281 445
281 453
281 465
281 473
281 493
281 501
281 513
281 521
281 533
281 541
281 553
281 561
285 289
285 297
285 317
285 325
285 345
285 353
285 373
285 381
285 393
285 401
285 421
285 429
285 433
285 449
285 461
285 477
285 481
285 497
285 509
285 525
285 529
285 537
285 557
285 565
289 297
289 305
289 325
289 333
289 337
289 353
289 365
289 381
289 385
289 401
289 413
289 429
289 433
289 441
289 461
289 469
289 481
289 489
289 509
289 517
289 537
289 545
289 565
289 573
293 301
293 309
293 321
293 329
293 341
293 349
293 361
293 369
293 389
293 397
293 409
293 417
293 437
293 453
293 457
293 473
293 485
293 501
293 505
293 521
293 541
293 549
293 561
293 569
297 305
297 317
297 333
297 337
297 345
297 365
297 373
297 385
297 393
297 413
297 421
297 441
297 449
297 469
297 477
297 489
297 497
297 517
297 525
297 529
297 545
297 557
297 573
301 309
301 313
301 329
301 349
301 357
301 369
301 377
301 397
301 405
301 417
301 425
301 437
301 445
301 457
301 465
301 485
301 493
301 505
301 513
301 533
301 549
301 553
301 569
305 317
305 325
305 345
305 353
305 373
305 381
305 393
305 401
305 421
305 429
305 433
305 449
305 461
305 477
305 481
305 497
305 509
305 525
305 529
305 537
305 557
305 565
309 313
309 321
309 341
309 357
309 361
309 377
309 389
309 405
309 409
309 425
309 445
309 453
309 465
309 473
309 493
309 501
309 513
309 521
309 533
309 541
309 553
309 561
313 321
313 329
313 341
313 349
313 361
313 369
313 389
313 397
313 409
313 417
313 437
313 453
313 457
313 473
313 485
313 501
313 505
313 521
313 541
313 549
313 561
313 569
317 325
317 333
317 337
317 353
317 365
317 381
317 385
317 401
317 413
317 429
317 433
317 441
317 461
317 469
317 481
317 489
317 509
317 517
317 537
317 545
317 565
317 573
321 329
321 349
321 357
321 369
321 377
321 397
321 405
321 417
321 425
321 437
321 445
321 457
321 465
321 485
321 493
321 505
321 513
321 533
321 549
321 553
321 569
325 333
325 337
325 345
325 365
325 373
325 385
325 393
325 413
325 421
325 441
325 449
325 469
325 477
325 489
325 497
325 517
325 525
325 529
325 545
325 557
325 573
329 341
329 357
329 361
329 377
329 389
329 405
329 409
329 425
329 445
329 453
329 465
329 473
329 493
329 501
329 513
329 521
329 533
329 541
329 553
329 561
333 345
333 353
333 373
333 381
333 393
333 401
333 421
333 429
333 433
333 449
333 461
333 477
333 481
333 497
333 509
333 525
333 529
333 537
333 557
333 565
337 345
337 353
337 373
337 381
337 393
337 401
337 421
337 429
337 433
337 449
337 461
337 477
337 481
337 497
337 509
337 525
337 529
337 537
337 557
337 565
341 349
341 357
341 369
341 377
341 397
341 405
341 417
341 425
341 437
341 445
341 457
341 465
341 485
341 493
341 505
341 513
341 533
341 549
341 553
341 569
345 353
345 365
345 381
345 385
345 401
345 413
345 429
345 433
345 441
345 461
345 469
345 481
345 489
345 509
345 517
345 537
345 545
345 565
345 573
349 357
349 361
349 377
349 389
349 405
349 409
349 425
349 445
349 453
349 465
349 473
349 493
349 501
349 513
349 521
349 533
349 541
349 553
349 561
353 365
353 373
353 385
353 393
353 413
353 421
353 441
353 449
353 469
353 477
353 489
353 497
353 517
353 525
353 529
353 545
353 557
353 573
357 361
357 369
357 389
357 397
357 409
357 417
357 437
357 453
357 457
357 473
357 485
357 501
357 505
357 521
357 541
357 549
357 561
357 569
361 369
361 377
361 397
361 405
361 417
361 425
361 437
361 445
361 457
361 465
361 485
361 493
361 505
361 513
361 533
361 549
361 553
361 569
365 373
365 381
365 393
365 401
365 421
365 429
365 433
365 449
365 461
365 477
365 481
365 497
365 509
365 525
365 529
365 537
365 557
365 565
369 377
369 389
369 405
369 409
369 425
369 445
369 453
369 465
369 473
369 493
369 501
369 513
369 521
369 533
369 541
369 553
369 561
373 381
373 385
373 401
373 413
373 429
373 433
373 441
373 461
373 469
373 481
373 489
373 509
373 517
373 537
373 545
373 565
373 573
377 389
377 397
377 409
377 417
377 437
377 453
377 457
377 473
377 485
377 501
377 505
377 521
377 541
377 549
377 561
377 569
381 385
381 393
381 413
381 421
381 441
381 449
381 469
381 477
381 489
381 497
381 517
381 525
381 529
381 545
381 557
381 573
385 393
385 401
385 421
385 429
385 433
385 449
385 461
385 477
385 481
385 497
385 509
385 525
385 529
385 537
385 557
385 565
389 397
389 405
389 417
389 425
389 437
389 445
389 457
389 465
389 485
389 493
389 505
389 513
389 533
389 549
389 553
389 569
393 401
393 413
393 429
393 433
393 441
393 461
393 469
393 481
393 489
393 509
393 517
393 537
393 545
393 565
393 573
397 405
397 409
397 425
397 445
397 453
397 465
397 473
397 493
397 501
397 513
397 521
397 533
397 541
397 553
397 561
401 413
401 421
401 441
401 449
401 469
401 477
401 489
401 497
401 517
401 525
401 529
401 545
401 557
401 573
405 409
405 417
405 437
405 453
405 457
405 473
405 485
405 501
405 505
405 521
405 541
405 549
405 561
405 569
409 417
409 425
409 437
409 445
409 457
409 465
409 485
409 493
409 505
409 513
409 533
409 549
409 553
409 569
413 421
413 429
413 433
413 449
413 461
413 477
413 481
413 497
413 509
413 525
413 529
413 537
413 557
413 565
417 425
417 445
417 453
417 465
417 473
417 493
417 501
417 513
417 521
417 533
417 541
417 553
417 561
421 429
421 433
421 441
421 461
421 469
421 481
421 489
421 509
421 517
421 537
421 545
421 565
421 573
425 437
425 453
425 457
425 473
425 485
425 501
425 505
425 521
425 541
425 549
425 561
425 569
429 441
429 449
429 469
429 477
429 489
429 497
429 517
429 525
429 529
429 545
429 557
429 573
433 441
433 449
433 469
433 477
433 489
433 497
433 517
433 525
433 529
433 545
433 557
433 573
437 445
437 453
437 465
437 473
437 493
437 501
437 513
437 521
437 533
437 541
437 553
437 561
441 449
441 461
441 477
441 481
441 497
441 509
441 525
441 529
441 537
441 557
441 565
445 453
445 457
445 473
445 485
445 501
445 505
445 521
445 541
445 549
445 561
445 569
449 461
449 469
449 481
449 489
449 509
449 517
449 537
449 545
449 565
449 573
453 457
453 465
453 485
453 493
453 505
453 513
453 533
453 549
453 553
453 569
457 465
457 473
457 493
457 501
457 513
457 521
457 533
457 541
457 553
457 561
461 469
461 477
461 489
461 497
461 517
461 525
461 529
461 545
461 557
461 573
465 473
465 485
465 501
465 505
465 521
465 541
465 549
465 561
465 569
469 477
469 481
469 497
469 509
469 525
469 529
469 537
469 557
469 565
473 485
473 493
473 505
473 513
473 533
473 549
473 553
473 569
477 481
477 489
477 509
477 517
477 537
477 545
477 565
477 573
481 489
481 497
481 517
481 525
481 529
481 545
481 557
481 573
485 493
485 501
485 513
485 521
485 533
485 541
485 553
485 561
489 497
489 509
489 525
489 529
489 537
489 557
489 565
493 501
493 505
493 521
493 541
493 549
493 561
493 569
497 509
497 517
497 537
497 545
497 565
497 573
501 505
501 513
501 533
501 549
501 553
501 569
505 513
505 521
505 533
505 541
505 553
505 561
509 517
509 525
509 529
509 545
509 557
509 573
513 521
513 541
513 549
513 561
513 569
517 525
517 529
517 537
517 557
517 565
521 533
521 549
521 553
521 569
525 537
525 545
525 565
525 573
529 537
529 545
529 565
529 573
533 541
533 549
533 561
533 569
537 545
537 557
537 573
541 549
541 553
541 569
545 557
545 565
549 553
549 561
553 561
553 569
557 565
557 573
561 569
565 573
