1 3
1 5
1 10
1 12
1 13
1 17
1 20
1 24
1 25
1 29
1 32
1 36
1 37
1 39
1 44
1 46
1 49
1 51
1 56
1 58
1 63
1 65
1 70
1 72
1 75
1 77
1 82
1 84
1 85
1 89
1 92
1 96
1 97
1 101
1 104
1 108
1 109
1 111
1 116
1 118
1 121
1 123
1 128
1 130
1 135
1 137
1 142
1 144
2 4
2 6
2 9
2 11
2 14
2 16
2 19
2 21
2 26
2 28
2 31
2 33
2 38
2 42
2 43
2 47
2 50
2 54
2 55
2 59
2 64
2 66
2 69
2 71
2 76
2 78
2 81
2 83
2 86
2 88
2 91
2 93
2 98
2 100
2 103
2 105
2 110
2 114
2 115
2 119
2 122
2 126
2 127
2 131
2 136
2 138
2 141
2 143
3 5
3 8
3 12
3 13
3 15
3 20
3 22
3 25
3 27
3 32
3 34
3 39
3 41
3 46
3 48
3 51
3 53
3 58
3 60
3 61
3 65
3 68
3 72
3 73
3 77
3 80
3 84
3 85
3 87
3 92
3 94
3 97
3 99
3 104
3 106
3 111
3 113
3 118
3 120
3 123
3 125
3 130
3 132
3 133
3 137
3 140
3 144
4 6
4 7
4 11
4 16
4 18
4 21
4 23
4 28
4 30
4 33
4 35
4 38
4 40
4 43
4 45
4 50
4 52
4 55
4 57
4 62
4 66
4 67
4 71
4 74
4 78
4 79
4 83
4 88
4 90
4 93
4 95
4 100
4 102
4 105
4 107
4 110
4 112
4 115
4 117
4 122
4 124
4 127
4 129
4 134
4 138
4 139
4 143
5 8
5 10
5 15
5 17
5 22
5 24
5 27
5 29
5 34
5 36
5 37
5 41
5 44
5 48
5 49
5 53
5 56
5 60
5 61
5 63
5 68
5 70
5 73
5 75
5 80
5 82
5 87
5 89
5 94
5 96
5 99
5 101
5 106
5 108
5 109
5 113
5 116
5 120
5 121
5 125
5 128
5 132
5 133
5 135
5 140
5 142
6 7
6 9
6 14
6 18
6 19
6 23
6 26
6 30
6 31
6 35
6 40
6 42
6 45
6 47
6 52
6 54
6 57
6 59
6 62
6 64
6 67
6 69
6 74
6 76
6 79
6 81
6 86
6 90
6 91
6 95
6 98
6 102
6 103
6 107
6 112
6 114
6 117
6 119
6 124
6 126
6 129
6 131
6 134
6 136
6 139
6 141
7 9
7 11
7 14
7 16
7 19
7 21
7 26
7 28
7 31
7 33
7 38
7 42
7 43
7 47
7 50
7 54
7 55
7 59
7 64
7 66
7 69
7 71
7 76
7 78
7 81
7 83
7 86
7 88
7 91
7 93
7 98
7 100
7 103
7 105
7 110
7 114
7 115
7 119
7 122
7 126
7 127
7 131
7 136
7 138
7 141
7 143
8 10
8 12
8 13
8 17
8 20
8 24
8 25
8 29
8 32
8 36
8 37
8 39
8 44
8 46
8 49
8 51
8 56
8 58
8 63
8 65
8 70
8 72
8 75
8 77
8 82
8 84
8 85
8 89
8 92
8 96
8 97
8 101
8 104
8 108
8 109
8 111
8 116
8 118
8 121
8 123
8 128
8 130
8 135
8 137
8 142
8 144
9 11
9 16
9 18
9 21
9 23
9 28
9 30
9 33
9 35
9 38
9 40
9 43
9 45
9 50
9 52
9 55
9 57
9 62
9 66
9 67
9 71
9 74
9 78
9 79
9 83
9 88
9 90
9 93
9 95
9 100
9 102
9 105
9 107
9 110
9 112
9 115
9 117
9 122
9 124
9 127
9 129
9 134
9 138
9 139
9 143
10 12
10 13
10 15
10 20
10 22
10 25
10 27
10 32
10 34
10 39
10 41
10 46
10 48
10 51
10 53
10 58
10 60
10 61
10 65
10 68
10 72
10 73
10 77
10 80
10 84
10 85
10 87
10 92
10 94
10 97
10 99
10 104
10 106
10 111
10 113
10 118
10 120
10 123
10 125
10 130
10 132
10 133
10 137
10 140
10 144
11 14
11 18
11 19
11 23
11 26
11 30
11 31
11 35
11 40
11 42
11 45
11 47
11 52
11 54
11 57
11 59
11 62
11 64
11 67
11 69
11 74
11 76
11 79
11 81
11 86
11 90
11 91
11 95
11 98
11 102
11 103
11 107
11 112
11 114
11 117
11 119
11 124
11 126
11 129
11 131
11 134
11 136
11 139
11 141
12 15
12 17
12 22
12 24
12 27
12 29
12 34
12 36
12 37
12 41
12 44
12 48
12 49
12 53
12 56
12 60
12 61
12 63
12 68
12 70
12 73
12 75
12 80
12 82
12 87
12 89
12 94
12 96
12 99
12 101
12 106
12 108
12 109
12 113
12 116
12 120
12 121
12 125
12 128
12 132
12 133
12 135
12 140
12 142
13 15
13 17
13 22
13 24
13 27
13 29
13 34
13 36
13 37
13 41
13 44
13 48
13 49
13 53
13 56
13 60
13 61
13 63
13 68
13 70
13 73
13 75
13 80
13 82
13 87
13 89
13 94
13 96
13 99
13 101
13 106
13 108
13 109
13 113
13 116
13 120
13 121
13 125
13 128
13 132
13 133
13 135
13 140
13 142
14 16
14 18
14 21
14 23
14 28
14 30
14 33
14 35
14 38
14 40
14 43
14 45
14 50
14 52
14 55
14 57
14 62
14 66
14 67
14 71
14 74
14 78
14 79
14 83
14 88
14 90
14 93
14 95
14 100
14 102
14 105
14 107
14 110
14 112
14 115
14 117
14 122
14 124
14 127
14 129
14 134
14 138
14 139
14 143
15 17
15 20
15 24
15 25
15 29
15 32
15 36
15 37
15 39
15 44
15 46
15 49
15 51
15 56
15 58
15 63
15 65
15 70
15 72
15 75
15 77
15 82
15 84
15 85
15 89
15 92
15 96
15 97
15 101
15 104
15 108
15 109
15 111
15 116
15 118
15 121
15 123
15 128
15 130
15 135
15 137
15 142
15 144
16 18
16 19
16 23
16 26
16 30
16 31
16 35
16 40
16 42
16 45
16 47
16 52
16 54
16 57
16 59
16 62
16 64
16 67
16 69
16 74
16 76
16 79
16 81
16 86
16 90
16 91
16 95
16 98
16 102
16 103
16 107
16 112
16 114
16 117
16 119
16 124
16 126
16 129
16 131
16 134
16 136
16 139
16 141
17 20
17 22
17 25
17 27
17 32
17 34
17 39
17 41
17 46
17 48
17 51
17 53
17 58
17 60
17 61
17 65
17 68
17 72
17 73
17 77
17 80
17 84
17 85
17 87
17 92
17 94
17 97
17 99
17 104
17 106
17 111
17 113
17 118
17 120
17 123
17 125
17 130
17 132
17 133
17 137
17 140
17 144
18 19
18 21
18 26
18 28
18 31
18 33
18 38
18 42
18 43
18 47
18 50
18 54
18 55
18 59
18 64
18 66
18 69
18 71
18 76
18 78
18 81
18 83
18 86
18 88
18 91
18 93
18 98
18 100
18 103
18 105
18 110
18 114
18 115
18 119
18 122
18 126
18 127
18 131
18 136
18 138
18 141
18 143
19 21
19 23
19 28
19 30
19 33
19 35
19 38
19 40
19 43
19 45
19 50
19 52
19 55
19 57
19 62
19 66
19 67
19 71
19 74
19 78
19 79
19 83
19 88
19 90
19 93
19 95
19 100
19 102
19 105
19 107
19 110
19 112
19 115
19 117
19 122
19 124
19 127
19 129
19 134
19 138
19 139
19 143
20 22
20 24
20 27
20 29
20 34
20 36
20 37
20 41
20 44
20 48
20 49
20 53
20 56
20 60
20 61
20 63
20 68
20 70
20 73
20 75
20 80
20 82
20 87
20 89
20 94
20 96
20 99
20 101
20 106
20 108
20 109
20 113
20 116
20 120
20 121
20 125
20 128
20 132
20 133
20 135
20 140
20 142
21 23
21 26
21 30
21 31
21 35
21 40
21 42
21 45
21 47
21 52
21 54
21 57
21 59
21 62
21 64
21 67
21 69
21 74
21 76
21 79
21 81
21 86
21 90
21 91
21 95
21 98
21 102
21 103
21 107
21 112
21 114
21 117
21 119
21 124
21 126
21 129
21 131
21 134
21 136
21 139
21 141
22 24
22 25
22 29
22 32
22 36
22 37
22 39
22 44
22 46
22 49
22 51
22 56
22 58
22 63
22 65
22 70
22 72
22 75
22 77
22 82
22 84
22 85
22 89
22 92
22 96
22 97
22 101
22 104
22 108
22 109
22 111
22 116
22 118
22 121
22 123
22 128
22 130
22 135
22 137
22 142
22 144
23 26
23 28
23 31
23 33
23 38
23 42
23 43
23 47
23 50
23 54
23 55
23 59
23 64
23 66
23 69
23 71
23 76
23 78
23 81
23 83
23 86
23 88
23 91
23 93
23 98
23 100
23 103
23 105
23 110
23 114
23 115
23 119
23 122
23 126
23 127
23 131
23 136
23 138
23 141
23 143
24 25
24 27
24 32
24 34
24 39
24 41
24 46
24 48
24 51
24 53
24 58
24 60
24 61
24 65
24 68
24 72
24 73
24 77
24 80
24 84
24 85
24 87
24 92
24 94
24 97
24 99
24 104
24 106
24 111
24 113
24 118
24 120
24 123
24 125
24 130
24 132
24 133
24 137
24 140
24 144
25 27
25 29
25 34
25 36
25 37
25 41
25 44
25 48
25 49
25 53
25 56
25 60
25 61
25 63
25 68
25 70
25 73
25 75
25 80
25 82
25 87
25 89
25 94
25 96
25 99
25 101
25 106
25 108
25 109
25 113
25 116
25 120
25 121
25 125
25 128
25 132
25 133
25 135
25 140
25 142
26 28
26 30
26 33
26 35
26 38
26 40
26 43
26 45
26 50
26 52
26 55
26 57
26 62
26 66
26 67
26 71
26 74
26 78
26 79
26 83
26 88
26 90
26 93
26 95
26 100
26 102
26 105
26 107
26 110
26 112
26 115
26 117
26 122
26 124
26 127
26 129
26 134
26 138
26 139
26 143
27 29
27 32
27 36
27 37
27 39
27 44
27 46
27 49
27 51
27 56
27 58
27 63
27 65
27 70
27 72
27 75
27 77
27 82
27 84
27 85
27 89
27 92
27 96
27 97
27 101
27 104
27 108
27 109
27 111
27 116
27 118
27 121
27 123
27 128
27 130
27 135
27 137
27 142
27 144
28 30
28 31
28 35
28 40
28 42
28 45
28 47
28 52
28 54
28 57
28 59
28 62
28 64
28 67
28 69
28 74
28 76
28 79
28 81
28 86
28 90
28 91
28 95
28 98
28 102
28 103
28 107
28 112
28 114
28 117
28 119
28 124
28 126
28 129
28 131
28 134
28 136
28 139
28 141
29 32
29 34
29 39
29 41
29 46
29 48
29 51
29 53
29 58
29 60
29 61
29 65
29 68
29 72
29 73
29 77
29 80
29 84
29 85
29 87
29 92
29 94
29 97
29 99
29 104
29 106
29 111
29 113
29 118
29 120
29 123
29 125
29 130
29 132
29 133
29 137
29 140
29 144
30 31
30 33
30 38
30 42
30 43
30 47
30 50
30 54
30 55
30 59
30 64
30 66
30 69
30 71
30 76
30 78
30 81
30 83
30 86
30 88
30 91
30 93
30 98
30 100
30 103
30 105
30 110
30 114
30 115
30 119
30 122
30 126
30 127
30 131
30 136
30 138
30 141
30 143
31 33
31 35
31 38
31 40
31 43
31 45
31 50
31 52
31 55
31 57
31 62
31 66
31 67
31 71
31 74
31 78
31 79
31 83
31 88
31 90
31 93
31 95
31 100
31 102
31 105
31 107
31 110
31 112
31 115
31 117
31 122
31 124
31 127
31 129
31 134
31 138
31 139
31 143
32 34
32 36
32 37
32 41
32 44
32 48
32 49
32 53
32 56
32 60
32 61
32 63
32 68
32 70
32 73
32 75
32 80
32 82
32 87
32 89
32 94
32 96
32 99
32 101
32 106
32 108
32 109
32 113
32 116
32 120
32 121
32 125
32 128
32 132
32 133
32 135
32 140
32 142
33 35
33 40
33 42
33 45
33 47
33 52
33 54
33 57
33 59
33 62
33 64
33 67
33 69
33 74
33 76
33 79
33 81
33 86
33 90
33 91
33 95
33 98
33 102
33 103
33 107
33 112
33 114
33 117
33 119
33 124
33 126
33 129
33 131
33 134
33 136
33 139
33 141
34 36
34 37
34 39
34 44
34 46
34 49
34 51
34 56
34 58
34 63
34 65
34 70
34 72
34 75
34 77
34 82
34 84
34 85
34 89
34 92
34 96
34 97
34 101
34 104
34 108
34 109
34 111
34 116
34 118
34 121
34 123
34 128
34 130
34 135
34 137
34 142
34 144
35 38
35 42
35 43
35 47
35 50
35 54
35 55
35 59
35 64
35 66
35 69
35 71
35 76
35 78
35 81
35 83
35 86
35 88
35 91
35 93
35 98
35 100
35 103
35 105
35 110
35 114
35 115
35 119
35 122
35 126
35 127
35 131
35 136
35 138
35 141
35 143
36 39
36 41
36 46
36 48
36 51
36 53
36 58
36 60
36 61
36 65
36 68
36 72
36 73
36 77
36 80
36 84
36 85
36 87
36 92
36 94
36 97
36 99
36 104
36 106
36 111
36 113
36 118
36 120
36 123
36 125
36 130
36 132
36 133
36 137
36 140
36 144
37 39
37 41
37 46
37 48
37 51
37 53
37 58
37 60
37 61
37 65
37 68
37 72
37 73
37 77
37 80
37 84
37 85
37 87
37 92
37 94
37 97
37 99
37 104
37 106
37 111
37 113
37 118
37 120
37 123
37 125
37 130
37 132
37 133
37 137
37 140
37 144
38 40
38 42
38 45
38 47
38 52
38 54
38 57
38 59
38 62
38 64
38 67
38 69
38 74
38 76
38 79
38 81
38 86
38 90
38 91
38 95
38 98
38 102
38 103
38 107
38 112
38 114
38 117
38 119
38 124
38 126
38 129
38 131
38 134
38 136
38 139
38 141
39 41
39 44
39 48
39 49
39 53
39 56
39 60
39 61
39 63
39 68
39 70
39 73
39 75
39 80
39 82
39 87
39 89
39 94
39 96
39 99
39 101
39 106
39 108
39 109
39 113
39 116
39 120
39 121
39 125
39 128
39 132
39 133
39 135
39 140
39 142
40 42
40 43
40 47
40 50
40 54
40 55
40 59
40 64
40 66
40 69
40 71
40 76
40 78
40 81
40 83
40 86
40 88
40 91
40 93
40 98
40 100
40 103
40 105
40 110
40 114
40 115
40 119
40 122
40 126
40 127
40 131
40 136
40 138
40 141
40 143
41 44
41 46
41 49
41 51
41 56
41 58
41 63
41 65
41 70
41 72
41 75
41 77
41 82
41 84
41 85
41 89
41 92
41 96
41 97
41 101
41 104
41 108
41 109
41 111
41 116
41 118
41 121
41 123
41 128
41 130
41 135
41 137
41 142
41 144
42 43
42 45
42 50
42 52
42 55
42 57
42 62
42 66
42 67
42 71
42 74
42 78
42 79
42 83
42 88
42 90
42 93
42 95
42 100
42 102
42 105
42 107
42 110
42 112
42 115
42 117
42 122
42 124
42 127
42 129
42 134
42 138
42 139
42 143
43 45
43 47
43 52
43 54
43 57
43 59
43 62
43 64
43 67
43 69
43 74
43 76
43 79
43 81
43 86
43 90
43 91
43 95
43 98
43 102
43 103
43 107
43 112
43 114
43 117
43 119
43 124
43 126
43 129
43 131
43 134
43 136
43 139
43 141
44 46
44 48
44 51
44 53
44 58
44 60
44 61
44 65
44 68
44 72
44 73
44 77
44 80
44 84
44 85
44 87
44 92
44 94
44 97
44 99
44 104
44 106
44 111
44 113
44 118
44 120
44 123
44 125
44 130
44 132
44 133
44 137
44 140
44 144
45 47
45 50
45 54
45 55
45 59
45 64
45 66
45 69
45 71
45 76
45 78
45 81
45 83
45 86
45 88
45 91
45 93
45 98
45 100
45 103
45 105
45 110
45 114
45 115
45 119
45 122
45 126
45 127
45 131
45 136
45 138
45 141
45 143
46 48
46 49
46 53
46 56
46 60
46 61
46 63
46 68
46 70
46 73
46 75
46 80
46 82
46 87
46 89
46 94
46 96
46 99
46 101
46 106
46 108
46 109
46 113
46 116
46 120
46 121
46 125
46 128
46 132
46 133
46 135
46 140
46 142
47 50
47 52
47 55
47 57
47 62
47 66
47 67
47 71
47 74
47 78
47 79
47 83
47 88
47 90
47 93
47 95
47 100
47 102
47 105
47 107
47 110
47 112
47 115
47 117
47 122
47 124
47 127
47 129
47 134
47 138
47 139
47 143
48 49
48 51
48 56
48 58
48 63
48 65
48 70
48 72
48 75
48 77
48 82
48 84
48 85
48 89
48 92
48 96
48 97
48 101
48 104
48 108
48 109
48 111
48 116
48 118
48 121
48 123
48 128
48 130
48 135
48 137
48 142
48 144
49 51
49 53
49 58
49 60
49 61
49 65
49 68
49 72
49 73
49 77
49 80
49 84
49 85
49 87
49 92
49 94
49 97
49 99
49 104
49 106
49 111
49 113
49 118
49 120
49 123
49 125
49 130
49 132
49 133
49 137
49 140
49 144
50 52
50 54
50 57
50 59
50 62
50 64
50 67
50 69
50 74
50 76
50 79
50 81
50 86
50 90
50 91
50 95
50 98
50 102
50 103
50 107
50 112
50 114
50 117
50 119
50 124
50 126
50 129
50 131
50 134
50 136
50 139
50 141
51 53
51 56
51 60
51 61
51 63
51 68
51 70
51 73
51 75
51 80
51 82
51 87
51 89
51 94
51 96
51 99
51 101
51 106
51 108
51 109
51 113
51 116
51 120
51 121
51 125
51 128
51 132
51 133
51 135
51 140
51 142
52 54
52 55
52 59
52 64
52 66
52 69
52 71
52 76
52 78
52 81
52 83
52 86
52 88
52 91
52 93
52 98
52 100
52 103
52 105
52 110
52 114
52 115
52 119
52 122
52 126
52 127
52 131
52 136
52 138
52 141
52 143
53 56
53 58
53 63
53 65
53 70
53 72
53 75
53 77
53 82
53 84
53 85
53 89
53 92
53 96
53 97
53 101
53 104
53 108
53 109
53 111
53 116
53 118
53 121
53 123
53 128
53 130
53 135
53 137
53 142
53 144
54 55
54 57
54 62
54 66
54 67
54 71
54 74
54 78
54 79
54 83
54 88
54 90
54 93
54 95
54 100
54 102
54 105
54 107
54 110
54 112
54 115
54 117
54 122
54 124
54 127
54 129
54 134
54 138
54 139
54 143
55 57
55 59
55 62
55 64
55 67
55 69
55 74
55 76
55 79
55 81
55 86
55 90
55 91
55 95
55 98
55 102
55 103
55 107
55 112
55 114
55 117
55 119
55 124
55 126
55 129
55 131
55 134
55 136
55 139
55 141
56 58
56 60
56 61
56 65
56 68
56 72
56 73
56 77
56 80
56 84
56 85
56 87
56 92
56 94
56 97
56 99
56 104
56 106
56 111
56 113
56 118
56 120
56 123
56 125
56 130
56 132
56 133
56 137
56 140
56 144
57 59
57 64
57 66
57 69
57 71
57 76
57 78
57 81
57 83
57 86
57 88
57 91
57 93
57 98
57 100
57 103
57 105
57 110
57 114
57 115
57 119
57 122
57 126
57 127
57 131
57 136
57 138
57 141
57 143
58 60
58 61
58 63
58 68
58 70
58 73
58 75
58 80
58 82
58 87
58 89
58 94
58 96
58 99
58 101
58 106
58 108
58 109
58 113
58 116
58 120
58 121
58 125
58 128
58 132
58 133
58 135
58 140
58 142
59 62
59 66
59 67
59 71
59 74
59 78
59 79
59 83
59 88
59 90
59 93
59 95
59 100
59 102
59 105
59 107
59 110
59 112
59 115
59 117
59 122
59 124
59 127
59 129
59 134
59 138
59 139
59 143
60 63
60 65
60 70
60 72
60 75
60 77
60 82
60 84
60 85
60 89
60 92
60 96
60 97
60 101
60 104
60 108
60 109
60 111
60 116
60 118
60 121
60 123
60 128
60 130
60 135
60 137
60 142
60 144
61 63
61 65
61 70
61 72
61 75
61 77
61 82
61 84
61 85
61 89
61 92
61 96
61 97
61 101
61 104
61 108
61 109
61 111
61 116
61 118
61 121
61 123
61 128
61 130
61 135
61 137
61 142
61 144
62 64
62 66
62 69
62 71
62 76
62 78
62 81
62 83
62 86
62 88
62 91
62 93
62 98
62 100
62 103
62 105
62 110
62 114
62 115
62 119
62 122
62 126
62 127
62 131
62 136
62 138
62 141
62 143
63 65
63 68
63 72
63 73
63 77
63 80
63 84
63 85
63 87
63 92
63 94
63 97
63 99
63 104
63 106
63 111
63 113
63 118
63 120
63 123
63 125
63 130
63 132
63 133
63 137
63 140
63 144
64 66
64 67
64 71
64 74
64 78
64 79
64 83
64 88
64 90
64 93
64 95
64 100
64 102
64 105
64 107
64 110
64 112
64 115
64 117
64 122
64 124
64 127
64 129
64 134
64 138
64 139
64 143
65 68
65 70
65 73
65 75
65 80
65 82
65 87
65 89
65 94
65 96
65 99
65 101
65 106
65 108
65 109
65 113
65 116
65 120
65 121
65 125
65 128
65 132
65 133
65 135
65 140
65 142
66 67
66 69
66 74
66 76
66 79
66 81
66 86
66 90
66 91
66 95
66 98
66 102
66 103
66 107
66 112
66 114
66 117
66 119
66 124
66 126
66 129
66 131
66 134
66 136
66 139
66 141
67 69
67 71
67 76
67 78
67 81
67 83
67 86
67 88
67 91
67 93
67 98
67 100
67 103
67 105
67 110
67 114
67 115
67 119
67 122
67 126
67 127
67 131
67 136
67 138
67 141
67 143
68 70
68 72
68 75
68 77
68 82
68 84
68 85
68 89
68 92
68 96
68 97
68 101
68 104
68 108
68 109
68 111
68 116
68 118
68 121
68 123
68 128
68 130
68 135
68 137
68 142
68 144
69 71
69 74
69 78
69 79
69 83
69 88
69 90
69 93
69 95
69 100
69 102
69 105
69 107
69 110
69 112
69 115
69 117
69 122
69 124
69 127
69 129
69 134
69 138
69 139
69 143
70 72
70 73
70 77
70 80
70 84
70 85
70 87
70 92
70 94
70 97
70 99
70 104
70 106
70 111
70 113
70 118
70 120
70 123
70 125
70 130
70 132
70 133
70 137
70 140
70 144
71 74
71 76
71 79
71 81
71 86
71 90
71 91
71 95
71 98
71 102
71 103
71 107
71 112
71 114
71 117
71 119
71 124
71 126
71 129
71 131
71 134
71 136
71 139
71 141
72 73
72 75
72 80
72 82
72 87
72 89
72 94
72 96
72 99
72 101
72 106
72 108
72 109
72 113
72 116
72 120
72 121
72 125
72 128
72 132
72 133
72 135
72 140
72 142
73 75
73 77
73 82
73 84
73 85
73 89
73 92
73 96
73 97
73 101
73 104
73 108
73 109
73 111
73 116
73 118
73 121
73 123
73 128
73 130
73 135
73 137
73 142
73 144
74 76
74 78
74 81
74 83
74 86
74 88
74 91
74 93
74 98
74 100
74 103
74 105
74 110
74 114
74 115
74 119
74 122
74 126
74 127
74 131
74 136
74 138
74 141
74 143
75 77
75 80
75 84
75 85
75 87
75 92
75 94
75 97
75 99
75 104
75 106
75 111
75 113
75 118
75 120
75 123
75 125
75 130
75 132
75 133
75 137
75 140
75 144
76 78
76 79
76 83
76 88
76 90
76 93
76 95
76 100
76 102
76 105
76 107
76 110
76 112
76 115
76 117
76 122
76 124
76 127
76 129
76 134
76 138
76 139
76 143
77 80
77 82
77 87
77 89
77 94
77 96
77 99
77 101
77 106
77 108
77 109
77 113
77 116
77 120
77 121
77 125
77 128
77 132
77 133
77 135
77 140
77 142
78 79
78 81
78 86
78 90
78 91
78 95
78 98
78 102
78 103
78 107
78 112
78 114
78 117
78 119
78 124
78 126
78 129
78 131
78 134
78 136
78 139
78 141
79 81
79 83
79 86
79 88
79 91
79 93
79 98
79 100
79 103
79 105
79 110
79 114
79 115
79 119
79 122
79 126
79 127
79 131
79 136
79 138
79 141
79 143
80 82
80 84
80 85
80 89
80 92
80 96
80 97
80 101
80 104
80 108
80 109
80 111
80 116
80 118
80 121
80 123
80 128
80 130
80 135
80 137
80 142
80 144
81 83
81 88
81 90
81 93
81 95
81 100
81 102
81 105
81 107
81 110
81 112
81 115
81 117
81 122
81 124
81 127
81 129
81 134
81 138
81 139
81 143
82 84
82 85
82 87
82 92
82 94
82 97
82 99
82 104
82 106
82 111
82 113
82 118
82 120
82 123
82 125
82 130
82 132
82 133
82 137
82 140
82 144
83 86
83 90
83 91
83 95
83 98
83 102
83 103
83 107
83 112
83 114
83 117
83 119
83 124
83 126
83 129
83 131
83 134
83 136
83 139
83 141
84 87
84 89
84 94
84 96
84 99
84 101
84 106
84 108
84 109
84 113
84 116
84 120
84 121
84 125
84 128
84 132
84 133
84 135
84 140
84 142
85 87
85 89
85 94
85 96
85 99
85 101
85 106
85 108
85 109
85 113
85 116
85 120
85 121
85 125
85 128
85 132
85 133
85 135
85 140
85 142
86 88
86 90
86 93
86 95
86 100
86 102
86 105
86 107
86 110
86 112
86 115
86 117
86 122
86 124
86 127
86 129
86 134
86 138
86 139
86 143
87 89
87 92
87 96
87 97
87 101
87 104
87 108
87 109
87 111
87 116
87 118
87 121
87 123
87 128
87 130
87 135
87 137
87 142
87 144
88 90
88 91
88 95
88 98
88 102
88 103
88 107
88 112
88 114
88 117
88 119
88 124
88 126
88 129
88 131
88 134
88 136
88 139
88 141
89 92
89 94
89 97
89 99
89 104
89 106
89 111
89 113
89 118
89 120
89 123
89 125
89 130
89 132
89 133
89 137
89 140
89 144
90 91
90 93
90 98
90 100
90 103
90 105
90 110
90 114
90 115
90 119
90 122
90 126
90 127
90 131
90 136
90 138
90 141
90 143
91 93
91 95
91 100
91 102
91 105
91 107
91 110
91 112
91 115
91 117
91 122
91 124
91 127
91 129
91 134
91 138
91 139
91 143
92 94
92 96
92 99
92 101
92 106
92 108
92 109
92 113
92 116
92 120
92 121
92 125
92 128
92 132
92 133
92 135
92 140
92 142
93 95
93 98
93 102
93 103
93 107
93 112
93 114
93 117
93 119
93 124
93 126
93 129
93 131
93 134
93 136
93 139
93 141
94 96
94 97
94 101
94 104
94 108
94 109
94 111
94 116
94 118
94 121
94 123
94 128
94 130
94 135
94 137
94 142
94 144
95 98
95 100
95 103
95 105
95 110
95 114
95 115
95 119
95 122
95 126
95 127
95 131
95 136
95 138
95 141
95 143
96 97
96 99
96 104
96 106
96 111
96 113
96 118
96 120
96 123
96 125
96 130
96 132
96 133
96 137
96 140
96 144
97 99
97 101
97 106
97 108
97 109
97 113
97 116
97 120
97 121
97 125
97 128
97 132
97 133
97 135
97 140
97 142
98 100
98 102
98 105
98 107
98 110
98 112
98 115
98 117
98 122
98 124
98 127
98 129
98 134
98 138
98 139
98 143
99 101
99 104
99 108
99 109
99 111
99 116
99 118
99 121
99 123
99 128
99 130
99 135
99 137
99 142
99 144
100 102
100 103
100 107
100 112
100 114
100 117
100 119
100 124
100 126
100 129
100 131
100 134
100 136
100 139
100 141
101 104
101 106
101 111
101 113
101 118
101 120
101 123
101 125
101 130
101 132
101 133
101 137
101 140
101 144
102 103
102 105
102 110
102 114
102 115
102 119
102 122
102 126
102 127
102 131
102 136
102 138
102 141
102 143
103 105
103 107
103 110
103 112
103 115
103 117
103 122
103 124
103 127
103 129
103 134
103 138
103 139
103 143
104 106
104 108
104 109
104 113
104 116
104 120
104 121
104 125
104 128
104 132
104 133
104 135
104 140
104 142
105 107
105 112
105 114
105 117
105 119
105 124
105 126
105 129
105 131
105 134
105 136
105 139
105 141
106 108
106 109
106 111
106 116
106 118
106 121
106 123
106 128
106 130
106 135
106 137
106 142
106 144
107 110
107 114
107 115
107 119
107 122
107 126
107 127
107 131
107 136
107 138
107 141
107 143
108 111
108 113
108 118
108 120
108 123
108 125
108 130
108 132
108 133
108 137
108 140
108 144
109 111
109 113
109 118
109 120
109 123
109 125
109 130
109 132
109 133
109 137
109 140
109 144
110 112
110 114
110 117
110 119
110 124
110 126
110 129
110 131
110 134
110 136
110 139
110 141
111 113
111 116
111 120
111 121
111 125
111 128
111 132
111 133
111 135
111 140
111 142
112 114
112 115
112 119
112 122
112 126
112 127
112 131
112 136
112 138
112 141
112 143
113 116
113 118
113 121
113 123
113 128
113 130
113 135
113 137
113 142
113 144
114 115
114 117
114 122
114 124
114 127
114 129
114 134
114 138
114 139
114 143
115 117
115 119
115 124
115 126
115 129
115 131
115 134
115 136
115 139
115 141
116 118
116 120
116 123
116 125
116 130
116 132
116 133
116 137
116 140
116 144
117 119
117 122
117 126
117 127
117 131
117 136
117 138
117 141
117 143
118 120
118 121
118 125
118 128
118 132
118 133
118 135
118 140
118 142
119 122
119 124
119 127
119 129
119 134
119 138
119 139
119 143
120 121
120 123
120 128
120 130
120 135
120 137
120 142
120 144
121 123
121 125
121 130
121 132
121 133
121 137
121 140
121 144
122 124
122 126
122 129
122 131
122 134
122 136
122 139
122 141
123 125
123 128
123 132
123 133
123 135
123 140
123 142
124 126
124 127
124 131
124 136
124 138
124 141
124 143
125 128
125 130
125 135
125 137
125 142
125 144
126 127
126 129
126 134
126 138
126 139
126 143
127 129
127 131
127 134
127 136
127 139
127 141
128 130
128 132
128 133
128 137
128 140
128 144
129 131
129 136
129 138
129 141
129 143
130 132
130 133
130 135
130 140
130 142
131 134
131 138
131 139
131 143
132 135
132 137
132 142
132 144
133 135
133 137
133 142
133 144
134 136
134 138
134 141
134 143
135 137
135 140
135 144
136 138
136 139
136 143
137 140
137 142
138 139
138 141
139 141
139 143
140 142
140 144
141 143
142 144
