1 3
1 5
1 10
1 12
1 13
1 17
1 20
1 24
1 25
1 29
1 32
1 36
1 37
1 39
1 44
1 46
1 49
1 51
1 56
1 58
1 63
1 65
1 70
1 72
1 75
1 77
1 82
1 84
1 85
1 89
1 92
1 96
1 97
1 101
1 104
1 108
1 109
1 111
1 116
1 118
1 121
1 123
1 128
1 130
1 135
1 137
1 142
1 144
2 4
2 6
2 9
2 11
2 14
2 18
2 19
2 23
2 26
2 30
2 31
2 35
2 38
2 40
2 43
2 45
2 50
2 52
2 55
2 57
2 64
2 66
2 69
2 71
2 76
2 78
2 81
2 83
2 86
2 90
2 91
2 95
2 98
2 102
2 103
2 107
2 110
2 112
2 115
2 117
2 122
2 124
2 127
2 129
2 136
2 138
2 141
2 143
3 5
3 8
3 10
3 13
3 15
3 22
3 24
3 25
3 27
3 34
3 36
3 39
3 41
3 44
3 48
3 51
3 53
3 56
3 60
3 61
3 65
3 68
3 70
3 73
3 77
3 80
3 82
3 85
3 87
3 94
3 96
3 97
3 99
3 106
3 108
3 111
3 113
3 116
3 120
3 123
3 125
3 128
3 132
3 133
3 137
3 140
3 142
4 6
4 7
4 9
4 14
4 16
4 21
4 23
4 26
4 28
4 33
4 35
4 40
4 42
4 43
4 47
4 52
4 54
4 55
4 59
4 62
4 66
4 67
4 69
4 74
4 78
4 79
4 81
4 86
4 88
4 93
4 95
4 98
4 100
4 105
4 107
4 112
4 114
4 115
4 119
4 124
4 126
4 127
4 131
4 134
4 138
4 139
4 141
5 8
5 12
5 15
5 17
5 20
5 22
5 27
5 29
5 32
5 34
5 37
5 41
5 46
5 48
5 49
5 53
5 58
5 60
5 61
5 63
5 68
5 72
5 73
5 75
5 80
5 84
5 87
5 89
5 92
5 94
5 99
5 101
5 104
5 106
5 109
5 113
5 118
5 120
5 121
5 125
5 130
5 132
5 133
5 135
5 140
5 144
6 7
6 11
6 16
6 18
6 19
6 21
6 28
6 30
6 31
6 33
6 38
6 42
6 45
6 47
6 50
6 54
6 57
6 59
6 62
6 64
6 67
6 71
6 74
6 76
6 79
6 83
6 88
6 90
6 91
6 93
6 100
6 102
6 103
6 105
6 110
6 114
6 117
6 119
6 122
6 126
6 129
6 131
6 134
6 136
6 139
6 143
7 9
7 11
7 14
7 18
7 19
7 23
7 26
7 30
7 31
7 35
7 38
7 40
7 43
7 45
7 50
7 52
7 55
7 57
7 64
7 66
7 69
7 71
7 76
7 78
7 81
7 83
7 86
7 90
7 91
7 95
7 98
7 102
7 103
7 107
7 110
7 112
7 115
7 117
7 122
7 124
7 127
7 129
7 136
7 138
7 141
7 143
8 10
8 12
8 13
8 17
8 20
8 24
8 25
8 29
8 32
8 36
8 37
8 39
8 44
8 46
8 49
8 51
8 56
8 58
8 63
8 65
8 70
8 72
8 75
8 77
8 82
8 84
8 85
8 89
8 92
8 96
8 97
8 101
8 104
8 108
8 109
8 111
8 116
8 118
8 121
8 123
8 128
8 130
8 135
8 137
8 142
8 144
9 11
9 16
9 18
9 19
9 21
9 28
9 30
9 31
9 33
9 38
9 42
9 45
9 47
9 50
9 54
9 57
9 59
9 62
9 64
9 67
9 71
9 74
9 76
9 79
9 83
9 88
9 90
9 91
9 93
9 100
9 102
9 103
9 105
9 110
9 114
9 117
9 119
9 122
9 126
9 129
9 131
9 134
9 136
9 139
9 143
10 12
10 15
10 17
10 20
10 22
10 27
10 29
10 32
10 34
10 37
10 41
10 46
10 48
10 49
10 53
10 58
10 60
10 61
10 63
10 68
10 72
10 73
10 75
10 80
10 84
10 87
10 89
10 92
10 94
10 99
10 101
10 104
10 106
10 109
10 113
10 118
10 120
10 121
10 125
10 130
10 132
10 133
10 135
10 140
10 144
11 14
11 16
11 21
11 23
11 26
11 28
11 33
11 35
11 40
11 42
11 43
11 47
11 52
11 54
11 55
11 59
11 62
11 66
11 67
11 69
11 74
11 78
11 79
11 81
11 86
11 88
11 93
11 95
11 98
11 100
11 105
11 107
11 112
11 114
11 115
11 119
11 124
11 126
11 127
11 131
11 134
11 138
11 139
11 141
12 13
12 15
12 22
12 24
12 25
12 27
12 34
12 36
12 39
12 41
12 44
12 48
12 51
12 53
12 56
12 60
12 61
12 65
12 68
12 70
12 73
12 77
12 80
12 82
12 85
12 87
12 94
12 96
12 97
12 99
12 106
12 108
12 111
12 113
12 116
12 120
12 123
12 125
12 128
12 132
12 133
12 137
12 140
12 142
13 15
13 17
13 20
13 22
13 27
13 29
13 32
13 34
13 37
13 41
13 46
13 48
13 49
13 53
13 58
13 60
13 61
13 63
13 68
13 72
13 73
13 75
13 80
13 84
13 87
13 89
13 92
13 94
13 99
13 101
13 104
13 106
13 109
13 113
13 118
13 120
13 121
13 125
13 130
13 132
13 133
13 135
13 140
13 144
14 16
14 18
14 19
14 21
14 28
14 30
14 31
14 33
14 38
14 42
14 45
14 47
14 50
14 54
14 57
14 59
14 62
14 64
14 67
14 71
14 74
14 76
14 79
14 83
14 88
14 90
14 91
14 93
14 100
14 102
14 103
14 105
14 110
14 114
14 117
14 119
14 122
14 126
14 129
14 131
14 134
14 136
14 139
14 143
15 17
15 20
15 24
15 25
15 29
15 32
15 36
15 37
15 39
15 44
15 46
15 49
15 51
15 56
15 58
15 63
15 65
15 70
15 72
15 75
15 77
15 82
15 84
15 85
15 89
15 92
15 96
15 97
15 101
15 104
15 108
15 109
15 111
15 116
15 118
15 121
15 123
15 128
15 130
15 135
15 137
15 142
15 144
16 18
16 19
16 23
16 26
16 30
16 31
16 35
16 38
16 40
16 43
16 45
16 50
16 52
16 55
16 57
16 64
16 66
16 69
16 71
16 76
16 78
16 81
16 83
16 86
16 90
16 91
16 95
16 98
16 102
16 103
16 107
16 110
16 112
16 115
16 117
16 122
16 124
16 127
16 129
16 136
16 138
16 141
16 143
17 22
17 24
17 25
17 27
17 34
17 36
17 39
17 41
17 44
17 48
17 51
17 53
17 56
17 60
17 61
17 65
17 68
17 70
17 73
17 77
17 80
17 82
17 85
17 87
17 94
17 96
17 97
17 99
17 106
17 108
17 111
17 113
17 116
17 120
17 123
17 125
17 128
17 132
17 133
17 137
17 140
17 142
18 21
18 23
18 26
18 28
18 33
18 35
18 40
18 42
18 43
18 47
18 52
18 54
18 55
18 59
18 62
18 66
18 67
18 69
18 74
18 78
18 79
18 81
18 86
18 88
18 93
18 95
18 98
18 100
18 105
18 107
18 112
18 114
18 115
18 119
18 124
18 126
18 127
18 131
18 134
18 138
18 139
18 141
19 21
19 23
19 26
19 28
19 33
19 35
19 40
19 42
19 43
19 47
19 52
19 54
19 55
19 59
19 62
19 66
19 67
19 69
19 74
19 78
19 79
19 81
19 86
19 88
19 93
19 95
19 98
19 100
19 105
19 107
19 112
19 114
19 115
19 119
19 124
19 126
19 127
19 131
19 134
19 138
19 139
19 141
20 22
20 24
20 25
20 27
20 34
20 36
20 39
20 41
20 44
20 48
20 51
20 53
20 56
20 60
20 61
20 65
20 68
20 70
20 73
20 77
20 80
20 82
20 85
20 87
20 94
20 96
20 97
20 99
20 106
20 108
20 111
20 113
20 116
20 120
20 123
20 125
20 128
20 132
20 133
20 137
20 140
20 142
21 23
21 26
21 30
21 31
21 35
21 38
21 40
21 43
21 45
21 50
21 52
21 55
21 57
21 64
21 66
21 69
21 71
21 76
21 78
21 81
21 83
21 86
21 90
21 91
21 95
21 98
21 102
21 103
21 107
21 110
21 112
21 115
21 117
21 122
21 124
21 127
21 129
21 136
21 138
21 141
21 143
22 24
22 25
22 29
22 32
22 36
22 37
22 39
22 44
22 46
22 49
22 51
22 56
22 58
22 63
22 65
22 70
22 72
22 75
22 77
22 82
22 84
22 85
22 89
22 92
22 96
22 97
22 101
22 104
22 108
22 109
22 111
22 116
22 118
22 121
22 123
22 128
22 130
22 135
22 137
22 142
22 144
23 28
23 30
23 31
23 33
23 38
23 42
23 45
23 47
23 50
23 54
23 57
23 59
23 62
23 64
23 67
23 71
23 74
23 76
23 79
23 83
23 88
23 90
23 91
23 93
23 100
23 102
23 103
23 105
23 110
23 114
23 117
23 119
23 122
23 126
23 129
23 131
23 134
23 136
23 139
23 143
24 27
24 29
24 32
24 34
24 37
24 41
24 46
24 48
24 49
24 53
24 58
24 60
24 61
24 63
24 68
24 72
24 73
24 75
24 80
24 84
24 87
24 89
24 92
24 94
24 99
24 101
24 104
24 106
24 109
24 113
24 118
24 120
24 121
24 125
24 130
24 132
24 133
24 135
24 140
24 144
25 27
25 29
25 32
25 34
25 37
25 41
25 46
25 48
25 49
25 53
25 58
25 60
25 61
25 63
25 68
25 72
25 73
25 75
25 80
25 84
25 87
25 89
25 92
25 94
25 99
25 101
25 104
25 106
25 109
25 113
25 118
25 120
25 121
25 125
25 130
25 132
25 133
25 135
25 140
25 144
26 28
26 30
26 31
26 33
26 38
26 42
26 45
26 47
26 50
26 54
26 57
26 59
26 62
26 64
26 67
26 71
26 74
26 76
26 79
26 83
26 88
26 90
26 91
26 93
26 100
26 102
26 103
26 105
26 110
26 114
26 117
26 119
26 122
26 126
26 129
26 131
26 134
26 136
26 139
26 143
27 29
27 32
27 36
27 37
27 39
27 44
27 46
27 49
27 51
27 56
27 58
27 63
27 65
27 70
27 72
27 75
27 77
27 82
27 84
27 85
27 89
27 92
27 96
27 97
27 101
27 104
27 108
27 109
27 111
27 116
27 118
27 121
27 123
27 128
27 130
27 135
27 137
27 142
27 144
28 30
28 31
28 35
28 38
28 40
28 43
28 45
28 50
28 52
28 55
28 57
28 64
28 66
28 69
28 71
28 76
28 78
28 81
28 83
28 86
28 90
28 91
28 95
28 98
28 102
28 103
28 107
28 110
28 112
28 115
28 117
28 122
28 124
28 127
28 129
28 136
28 138
28 141
28 143
29 34
29 36
29 39
29 41
29 44
29 48
29 51
29 53
29 56
29 60
29 61
29 65
29 68
29 70
29 73
29 77
29 80
29 82
29 85
29 87
29 94
29 96
29 97
29 99
29 106
29 108
29 111
29 113
29 116
29 120
29 123
29 125
29 128
29 132
29 133
29 137
29 140
29 142
30 33
30 35
30 40
30 42
30 43
30 47
30 52
30 54
30 55
30 59
30 62
30 66
30 67
30 69
30 74
30 78
30 79
30 81
30 86
30 88
30 93
30 95
30 98
30 100
30 105
30 107
30 112
30 114
30 115
30 119
30 124
30 126
30 127
30 131
30 134
30 138
30 139
30 141
31 33
31 35
31 40
31 42
31 43
31 47
31 52
31 54
31 55
31 59
31 62
31 66
31 67
31 69
31 74
31 78
31 79
31 81
31 86
31 88
31 93
31 95
31 98
31 100
31 105
31 107
31 112
31 114
31 115
31 119
31 124
31 126
31 127
31 131
31 134
31 138
31 139
31 141
32 34
32 36
32 39
32 41
32 44
32 48
32 51
32 53
32 56
32 60
32 61
32 65
32 68
32 70
32 73
32 77
32 80
32 82
32 85
32 87
32 94
32 96
32 97
32 99
32 106
32 108
32 111
32 113
32 116
32 120
32 123
32 125
32 128
32 132
32 133
32 137
32 140
32 142
33 35
33 38
33 40
33 43
33 45
33 50
33 52
33 55
33 57
33 64
33 66
33 69
33 71
33 76
33 78
33 81
33 83
33 86
33 90
33 91
33 95
33 98
33 102
33 103
33 107
33 110
33 112
33 115
33 117
33 122
33 124
33 127
33 129
33 136
33 138
33 141
33 143
34 36
34 37
34 39
34 44
34 46
34 49
34 51
34 56
34 58
34 63
34 65
34 70
34 72
34 75
34 77
34 82
34 84
34 85
34 89
34 92
34 96
34 97
34 101
34 104
34 108
34 109
34 111
34 116
34 118
34 121
34 123
34 128
34 130
34 135
34 137
34 142
34 144
35 38
35 42
35 45
35 47
35 50
35 54
35 57
35 59
35 62
35 64
35 67
35 71
35 74
35 76
35 79
35 83
35 88
35 90
35 91
35 93
35 100
35 102
35 103
35 105
35 110
35 114
35 117
35 119
35 122
35 126
35 129
35 131
35 134
35 136
35 139
35 143
36 37
36 41
36 46
36 48
36 49
36 53
36 58
36 60
36 61
36 63
36 68
36 72
36 73
36 75
36 80
36 84
36 87
36 89
36 92
36 94
36 99
36 101
36 104
36 106
36 109
36 113
36 118
36 120
36 121
36 125
36 130
36 132
36 133
36 135
36 140
36 144
37 39
37 41
37 44
37 48
37 51
37 53
37 56
37 60
37 61
37 65
37 68
37 70
37 73
37 77
37 80
37 82
37 85
37 87
37 94
37 96
37 97
37 99
37 106
37 108
37 111
37 113
37 116
37 120
37 123
37 125
37 128
37 132
37 133
37 137
37 140
37 142
38 40
38 42
38 43
38 47
38 52
38 54
38 55
38 59
38 62
38 66
38 67
38 69
38 74
38 78
38 79
38 81
38 86
38 88
38 93
38 95
38 98
38 100
38 105
38 107
38 112
38 114
38 115
38 119
38 124
38 126
38 127
38 131
38 134
38 138
38 139
38 141
39 41
39 46
39 48
39 49
39 53
39 58
39 60
39 61
39 63
39 68
39 72
39 73
39 75
39 80
39 84
39 87
39 89
39 92
39 94
39 99
39 101
39 104
39 106
39 109
39 113
39 118
39 120
39 121
39 125
39 130
39 132
39 133
39 135
39 140
39 144
40 42
40 45
40 47
40 50
40 54
40 57
40 59
40 62
40 64
40 67
40 71
40 74
40 76
40 79
40 83
40 88
40 90
40 91
40 93
40 100
40 102
40 103
40 105
40 110
40 114
40 117
40 119
40 122
40 126
40 129
40 131
40 134
40 136
40 139
40 143
41 44
41 46
41 49
41 51
41 56
41 58
41 63
41 65
41 70
41 72
41 75
41 77
41 82
41 84
41 85
41 89
41 92
41 96
41 97
41 101
41 104
41 108
41 109
41 111
41 116
41 118
41 121
41 123
41 128
41 130
41 135
41 137
41 142
41 144
42 43
42 45
42 50
42 52
42 55
42 57
42 64
42 66
42 69
42 71
42 76
42 78
42 81
42 83
42 86
42 90
42 91
42 95
42 98
42 102
42 103
42 107
42 110
42 112
42 115
42 117
42 122
42 124
42 127
42 129
42 136
42 138
42 141
42 143
43 45
43 47
43 50
43 54
43 57
43 59
43 62
43 64
43 67
43 71
43 74
43 76
43 79
43 83
43 88
43 90
43 91
43 93
43 100
43 102
43 103
43 105
43 110
43 114
43 117
43 119
43 122
43 126
43 129
43 131
43 134
43 136
43 139
43 143
44 46
44 48
44 49
44 53
44 58
44 60
44 61
44 63
44 68
44 72
44 73
44 75
44 80
44 84
44 87
44 89
44 92
44 94
44 99
44 101
44 104
44 106
44 109
44 113
44 118
44 120
44 121
44 125
44 130
44 132
44 133
44 135
44 140
44 144
45 47
45 52
45 54
45 55
45 59
45 62
45 66
45 67
45 69
45 74
45 78
45 79
45 81
45 86
45 88
45 93
45 95
45 98
45 100
45 105
45 107
45 112
45 114
45 115
45 119
45 124
45 126
45 127
45 131
45 134
45 138
45 139
45 141
46 48
46 51
46 53
46 56
46 60
46 61
46 65
46 68
46 70
46 73
46 77
46 80
46 82
46 85
46 87
46 94
46 96
46 97
46 99
46 106
46 108
46 111
46 113
46 116
46 120
46 123
46 125
46 128
46 132
46 133
46 137
46 140
46 142
47 50
47 52
47 55
47 57
47 64
47 66
47 69
47 71
47 76
47 78
47 81
47 83
47 86
47 90
47 91
47 95
47 98
47 102
47 103
47 107
47 110
47 112
47 115
47 117
47 122
47 124
47 127
47 129
47 136
47 138
47 141
47 143
48 49
48 51
48 56
48 58
48 63
48 65
48 70
48 72
48 75
48 77
48 82
48 84
48 85
48 89
48 92
48 96
48 97
48 101
48 104
48 108
48 109
48 111
48 116
48 118
48 121
48 123
48 128
48 130
48 135
48 137
48 142
48 144
49 51
49 53
49 56
49 60
49 61
49 65
49 68
49 70
49 73
49 77
49 80
49 82
49 85
49 87
49 94
49 96
49 97
49 99
49 106
49 108
49 111
49 113
49 116
49 120
49 123
49 125
49 128
49 132
49 133
49 137
49 140
49 142
50 52
50 54
50 55
50 59
50 62
50 66
50 67
50 69
50 74
50 78
50 79
50 81
50 86
50 88
50 93
50 95
50 98
50 100
50 105
50 107
50 112
50 114
50 115
50 119
50 124
50 126
50 127
50 131
50 134
50 138
50 139
50 141
51 53
51 58
51 60
51 61
51 63
51 68
51 72
51 73
51 75
51 80
51 84
51 87
51 89
51 92
51 94
51 99
51 101
51 104
51 106
51 109
51 113
51 118
51 120
51 121
51 125
51 130
51 132
51 133
51 135
51 140
51 144
52 54
52 57
52 59
52 62
52 64
52 67
52 71
52 74
52 76
52 79
52 83
52 88
52 90
52 91
52 93
52 100
52 102
52 103
52 105
52 110
52 114
52 117
52 119
52 122
52 126
52 129
52 131
52 134
52 136
52 139
52 143
53 56
53 58
53 63
53 65
53 70
53 72
53 75
53 77
53 82
53 84
53 85
53 89
53 92
53 96
53 97
53 101
53 104
53 108
53 109
53 111
53 116
53 118
53 121
53 123
53 128
53 130
53 135
53 137
53 142
53 144
54 55
54 57
54 64
54 66
54 69
54 71
54 76
54 78
54 81
54 83
54 86
54 90
54 91
54 95
54 98
54 102
54 103
54 107
54 110
54 112
54 115
54 117
54 122
54 124
54 127
54 129
54 136
54 138
54 141
54 143
55 57
55 59
55 62
55 64
55 67
55 71
55 74
55 76
55 79
55 83
55 88
55 90
55 91
55 93
55 100
55 102
55 103
55 105
55 110
55 114
55 117
55 119
55 122
55 126
55 129
55 131
55 134
55 136
55 139
55 143
56 58
56 60
56 61
56 63
56 68
56 72
56 73
56 75
56 80
56 84
56 87
56 89
56 92
56 94
56 99
56 101
56 104
56 106
56 109
56 113
56 118
56 120
56 121
56 125
56 130
56 132
56 133
56 135
56 140
56 144
57 59
57 62
57 66
57 67
57 69
57 74
57 78
57 79
57 81
57 86
57 88
57 93
57 95
57 98
57 100
57 105
57 107
57 112
57 114
57 115
57 119
57 124
57 126
57 127
57 131
57 134
57 138
57 139
57 141
58 60
58 61
58 65
58 68
58 70
58 73
58 77
58 80
58 82
58 85
58 87
58 94
58 96
58 97
58 99
58 106
58 108
58 111
58 113
58 116
58 120
58 123
58 125
58 128
58 132
58 133
58 137
58 140
58 142
59 64
59 66
59 69
59 71
59 76
59 78
59 81
59 83
59 86
59 90
59 91
59 95
59 98
59 102
59 103
59 107
59 110
59 112
59 115
59 117
59 122
59 124
59 127
59 129
59 136
59 138
59 141
59 143
60 63
60 65
60 70
60 72
60 75
60 77
60 82
60 84
60 85
60 89
60 92
60 96
60 97
60 101
60 104
60 108
60 109
60 111
60 116
60 118
60 121
60 123
60 128
60 130
60 135
60 137
60 142
60 144
61 63
61 65
61 70
61 72
61 75
61 77
61 82
61 84
61 85
61 89
61 92
61 96
61 97
61 101
61 104
61 108
61 109
61 111
61 116
61 118
61 121
61 123
61 128
61 130
61 135
61 137
61 142
61 144
62 64
62 66
62 69
62 71
62 76
62 78
62 81
62 83
62 86
62 90
62 91
62 95
62 98
62 102
62 103
62 107
62 110
62 112
62 115
62 117
62 122
62 124
62 127
62 129
62 136
62 138
62 141
62 143
63 65
63 68
63 70
63 73
63 77
63 80
63 82
63 85
63 87
63 94
63 96
63 97
63 99
63 106
63 108
63 111
63 113
63 116
63 120
63 123
63 125
63 128
63 132
63 133
63 137
63 140
63 142
64 66
64 67
64 69
64 74
64 78
64 79
64 81
64 86
64 88
64 93
64 95
64 98
64 100
64 105
64 107
64 112
64 114
64 115
64 119
64 124
64 126
64 127
64 131
64 134
64 138
64 139
64 141
65 68
65 72
65 73
65 75
65 80
65 84
65 87
65 89
65 92
65 94
65 99
65 101
65 104
65 106
65 109
65 113
65 118
65 120
65 121
65 125
65 130
65 132
65 133
65 135
65 140
65 144
66 67
66 71
66 74
66 76
66 79
66 83
66 88
66 90
66 91
66 93
66 100
66 102
66 103
66 105
66 110
66 114
66 117
66 119
66 122
66 126
66 129
66 131
66 134
66 136
66 139
66 143
67 69
67 71
67 76
67 78
67 81
67 83
67 86
67 90
67 91
67 95
67 98
67 102
67 103
67 107
67 110
67 112
67 115
67 117
67 122
67 124
67 127
67 129
67 136
67 138
67 141
67 143
68 70
68 72
68 75
68 77
68 82
68 84
68 85
68 89
68 92
68 96
68 97
68 101
68 104
68 108
68 109
68 111
68 116
68 118
68 121
68 123
68 128
68 130
68 135
68 137
68 142
68 144
69 71
69 74
69 76
69 79
69 83
69 88
69 90
69 91
69 93
69 100
69 102
69 103
69 105
69 110
69 114
69 117
69 119
69 122
69 126
69 129
69 131
69 134
69 136
69 139
69 143
70 72
70 73
70 75
70 80
70 84
70 87
70 89
70 92
70 94
70 99
70 101
70 104
70 106
70 109
70 113
70 118
70 120
70 121
70 125
70 130
70 132
70 133
70 135
70 140
70 144
71 74
71 78
71 79
71 81
71 86
71 88
71 93
71 95
71 98
71 100
71 105
71 107
71 112
71 114
71 115
71 119
71 124
71 126
71 127
71 131
71 134
71 138
71 139
71 141
72 73
72 77
72 80
72 82
72 85
72 87
72 94
72 96
72 97
72 99
72 106
72 108
72 111
72 113
72 116
72 120
72 123
72 125
72 128
72 132
72 133
72 137
72 140
72 142
73 75
73 77
73 82
73 84
73 85
73 89
73 92
73 96
73 97
73 101
73 104
73 108
73 109
73 111
73 116
73 118
73 121
73 123
73 128
73 130
73 135
73 137
73 142
73 144
74 76
74 78
74 81
74 83
74 86
74 90
74 91
74 95
74 98
74 102
74 103
74 107
74 110
74 112
74 115
74 117
74 122
74 124
74 127
74 129
74 136
74 138
74 141
74 143
75 77
75 80
75 82
75 85
75 87
75 94
75 96
75 97
75 99
75 106
75 108
75 111
75 113
75 116
75 120
75 123
75 125
75 128
75 132
75 133
75 137
75 140
75 142
76 78
76 79
76 81
76 86
76 88
76 93
76 95
76 98
76 100
76 105
76 107
76 112
76 114
76 115
76 119
76 124
76 126
76 127
76 131
76 134
76 138
76 139
76 141
77 80
77 84
77 87
77 89
77 92
77 94
77 99
77 101
77 104
77 106
77 109
77 113
77 118
77 120
77 121
77 125
77 130
77 132
77 133
77 135
77 140
77 144
78 79
78 83
78 88
78 90
78 91
78 93
78 100
78 102
78 103
78 105
78 110
78 114
78 117
78 119
78 122
78 126
78 129
78 131
78 134
78 136
78 139
78 143
79 81
79 83
79 86
79 90
79 91
79 95
79 98
79 102
79 103
79 107
79 110
79 112
79 115
79 117
79 122
79 124
79 127
79 129
79 136
79 138
79 141
79 143
80 82
80 84
80 85
80 89
80 92
80 96
80 97
80 101
80 104
80 108
80 109
80 111
80 116
80 118
80 121
80 123
80 128
80 130
80 135
80 137
80 142
80 144
81 83
81 88
81 90
81 91
81 93
81 100
81 102
81 103
81 105
81 110
81 114
81 117
81 119
81 122
81 126
81 129
81 131
81 134
81 136
81 139
81 143
82 84
82 87
82 89
82 92
82 94
82 99
82 101
82 104
82 106
82 109
82 113
82 118
82 120
82 121
82 125
82 130
82 132
82 133
82 135
82 140
82 144
83 86
83 88
83 93
83 95
83 98
83 100
83 105
83 107
83 112
83 114
83 115
83 119
83 124
83 126
83 127
83 131
83 134
83 138
83 139
83 141
84 85
84 87
84 94
84 96
84 97
84 99
84 106
84 108
84 111
84 113
84 116
84 120
84 123
84 125
84 128
84 132
84 133
84 137
84 140
84 142
85 87
85 89
85 92
85 94
85 99
85 101
85 104
85 106
85 109
85 113
85 118
85 120
85 121
85 125
85 130
85 132
85 133
85 135
85 140
85 144
86 88
86 90
86 91
86 93
86 100
86 102
86 103
86 105
86 110
86 114
86 117
86 119
86 122
86 126
86 129
86 131
86 134
86 136
86 139
86 143
87 89
87 92
87 96
87 97
87 101
87 104
87 108
87 109
87 111
87 116
87 118
87 121
87 123
87 128
87 130
87 135
87 137
87 142
87 144
88 90
88 91
88 95
88 98
88 102
88 103
88 107
88 110
88 112
88 115
88 117
88 122
88 124
88 127
88 129
88 136
88 138
88 141
88 143
89 94
89 96
89 97
89 99
89 106
89 108
89 111
89 113
89 116
89 120
89 123
89 125
89 128
89 132
89 133
89 137
89 140
89 142
90 93
90 95
90 98
90 100
90 105
90 107
90 112
90 114
90 115
90 119
90 124
90 126
90 127
90 131
90 134
90 138
90 139
90 141
91 93
91 95
91 98
91 100
91 105
91 107
91 112
91 114
91 115
91 119
91 124
91 126
91 127
91 131
91 134
91 138
91 139
91 141
92 94
92 96
92 97
92 99
92 106
92 108
92 111
92 113
92 116
92 120
92 123
92 125
92 128
92 132
92 133
92 137
92 140
92 142
93 95
93 98
93 102
93 103
93 107
93 110
93 112
93 115
93 117
93 122
93 124
93 127
93 129
93 136
93 138
93 141
93 143
94 96
94 97
94 101
94 104
94 108
94 109
94 111
94 116
94 118
94 121
94 123
94 128
94 130
94 135
94 137
94 142
94 144
95 100
95 102
95 103
95 105
95 110
95 114
95 117
95 119
95 122
95 126
95 129
95 131
95 134
95 136
95 139
95 143
96 99
96 101
96 104
96 106
96 109
96 113
96 118
96 120
96 121
96 125
96 130
96 132
96 133
96 135
96 140
96 144
97 99
97 101
97 104
97 106
97 109
97 113
97 118
97 120
97 121
97 125
97 130
97 132
97 133
97 135
97 140
97 144
98 100
98 102
98 103
98 105
98 110
98 114
98 117
98 119
98 122
98 126
98 129
98 131
98 134
98 136
98 139
98 143
99 101
99 104
99 108
99 109
99 111
99 116
99 118
99 121
99 123
99 128
99 130
99 135
99 137
99 142
99 144
100 102
100 103
100 107
100 110
100 112
100 115
100 117
100 122
100 124
100 127
100 129
100 136
100 138
100 141
100 143
101 106
101 108
101 111
101 113
101 116
101 120
101 123
101 125
101 128
101 132
101 133
101 137
101 140
101 142
102 105
102 107
102 112
102 114
102 115
102 119
102 124
102 126
102 127
102 131
102 134
102 138
102 139
102 141
103 105
103 107
103 112
103 114
103 115
103 119
103 124
103 126
103 127
103 131
103 134
103 138
103 139
103 141
104 106
104 108
104 111
104 113
104 116
104 120
104 123
104 125
104 128
104 132
104 133
104 137
104 140
104 142
105 107
105 110
105 112
105 115
105 117
105 122
105 124
105 127
105 129
105 136
105 138
105 141
105 143
106 108
106 109
106 111
106 116
106 118
106 121
106 123
106 128
106 130
106 135
106 137
106 142
106 144
107 110
107 114
107 117
107 119
107 122
107 126
107 129
107 131
107 134
107 136
107 139
107 143
108 109
108 113
108 118
108 120
108 121
108 125
108 130
108 132
108 133
108 135
108 140
108 144
109 111
109 113
109 116
109 120
109 123
109 125
109 128
109 132
109 133
109 137
109 140
109 142
110 112
110 114
110 115
110 119
110 124
110 126
110 127
110 131
110 134
110 138
110 139
110 141
111 113
111 118
111 120
111 121
111 125
111 130
111 132
111 133
111 135
111 140
111 144
112 114
112 117
112 119
112 122
112 126
112 129
112 131
112 134
112 136
112 139
112 143
113 116
113 118
113 121
113 123
113 128
113 130
113 135
113 137
113 142
113 144
114 115
114 117
114 122
114 124
114 127
114 129
114 136
114 138
114 141
114 143
115 117
115 119
115 122
115 126
115 129
115 131
115 134
115 136
115 139
115 143
116 118
116 120
116 121
116 125
116 130
116 132
116 133
116 135
116 140
116 144
117 119
117 124
117 126
117 127
117 131
117 134
117 138
117 139
117 141
118 120
118 123
118 125
118 128
118 132
118 133
118 137
118 140
118 142
119 122
119 124
119 127
119 129
119 136
119 138
119 141
119 143
120 121
120 123
120 128
120 130
120 135
120 137
120 142
120 144
121 123
121 125
121 128
121 132
121 133
121 137
121 140
121 142
122 124
122 126
122 127
122 131
122 134
122 138
122 139
122 141
123 125
123 130
123 132
123 133
123 135
123 140
123 144
124 126
124 129
124 131
124 134
124 136
124 139
124 143
125 128
125 130
125 135
125 137
125 142
125 144
126 127
126 129
126 136
126 138
126 141
126 143
127 129
127 131
127 134
127 136
127 139
127 143
128 130
128 132
128 133
128 135
128 140
128 144
129 131
129 134
129 138
129 139
129 141
130 132
130 133
130 137
130 140
130 142
131 136
131 138
131 141
131 143
132 135
132 137
132 142
132 144
133 135
133 137
133 142
133 144
134 136
134 138
134 141
134 143
135 137
135 140
135 142
136 138
136 139
136 141
137 140
137 144
138 139
138 143
139 141
139 143
140 142
140 144
141 143
142 144
