7
0123456 1032564 2310645 3456021 4265130 5604312 6541203
0123456 1052634 2340561 3261045 4635120 5406213 6514302
0123456 1052634 2361540 3240165 4635021 5416203 6504312
0123456 1064532 2641305 3205641 4536120 5412063 6350214
0123456 1204563 2016345 3465021 4530612 5641230 6352104
0123456 1204563 2610345 3562014 4056231 5431620 6345102
0123456 1204635 2015364 3651042 4560123 5346210 6432501
0123456 1205364 2031645 3416520 4560231 5642013 6354102
0123456 1205364 2310645 3064512 4651230 5436021 6542103
0123456 1205634 2014365 3652140 4561203 5436021 6340512
0123456 1205643 2016534 3461205 4352160 5640312 6534021
0123456 1205643 2046531 3614025 4352160 5460312 6531204
0123456 1206345 2014563 3465201 4531620 5640132 6352014
0123456 1206345 2014563 3561024 4650231 5432610 6345102
0123456 1206345 2061534 3415260 4530621 5642013 6354102
0123456 1206345 2461530 3652014 4530621 5014263 6345102
0123456 1206345 2534610 3042561 4650132 5461023 6315204
0123456 1206534 2014365 3645120 4531602 5362041 6450213
0123456 1206534 2014365 3645120 4531602 5460213 6352041
0123456 1206534 2015643 3461025 4350162 5642310 6534201
0123456 1206534 2015643 3654012 4560321 5341260 6432105
0123456 1206534 2031645 3415260 4562103 5640321 6354012
0123456 1206534 2651043 3514620 4062315 5430261 6345102
0123456 1230564 2016345 3405621 4562103 5641230 6354012
0123456 1230564 2301645 3645120 4516302 5064213 6452031
0123456 1230564 2356140 3041625 4605213 5462031 6514302
0123456 1230645 2316504 3564120 4052361 5641032 6405213
0123456 1230645 2456301 3062514 4315260 5604123 6541032
0123456 1230645 2465013 3052164 4506231 5641320 6314502
0123456 1230645 2514360 3652014 4365201 5046132 6401523
0123456 1230645 2561034 3042561 4356120 5604213 6415302
0123456 1234560 2356041 3045612 4562103 5601234 6410325
0123456 1234560 2415603 3056214 4360125 5641032 6502341
0123456 1234605 2415063 3642510 4056231 5360142 6501324
0123456 1234605 2645013 3052164 4506321 5461230 6310542
0123456 1235064 2046531 3452610 4561203 5610342 6304125
0123456 1235064 2310645 3456210 4601532 5064123 6542301
0123456 1235640 2310564 3564021 4602135 5046312 6451203
0123456 1236045 2054631 3641502 4512360 5360214 6405123
0123456 1236045 2501364 3642501 4065123 5410632 6354210
0123456 1236045 2615304 3041562 4502631 5364120 6450213
0123456 1236504 2610345 3504621 4052163 5461230 6345012
0123456 1240563 2314605 3465210 4506321 5631042 6052134
0123456 1240563 2316045 3451620 4635201 5062314 6504132
0123456 1240563 2316045 3452610 4635102 5061324 6504231
0123456 1240635 2315064 3056142 4602513 5461320 6534201
0123456 1245063 2416530 3064215 4531602 5602341 6350124
0123456 1245360 2356014 3601245 4532601 5064132 6410523
0123456 1245360 2564013 3452601 4016235 5630124 6301542
0123456 1245360 2651034 3416502 4560123 5032641 6304215
0123456 1245603 2356014 3412560 4601325 5064231 6530142
0123456 1245603 2416035 3501264 4630512 5362140 6054321
0123456 1245603 2634015 3412560 4506132 5360241 6051324
0123456 1245603 2634015 3451260 4506321 5062134 6310542
0123456 1245630 2310564 3564102 4601325 5036241 6452013
0123456 1246035 2061543 3415620 4350261 5602314 6534102
0123456 1246035 2065341 3514620 4631502 5402163 6350214
0123456 1246035 2310564 3605142 4052613 5461320 6534201
0123456 1246035 2534601 3652140 4065312 5410263 6301524
0123456 1246305 2314560 3502641 4065123 5630214 6451032
0123456 1246305 2350641 3415260 4601523 5062134 6534012
0123456 1246305 2514063 3462510 4650231 5031624 6305142
0123456 1246305 2630514 3405621 4051263 5362140 6514032
0123456 1246530 2034615 3562041 4651302 5410263 6305124
0123456 1246530 2315064 3604215 4562301 5031642 6450123
0123456 1246530 2634105 3065241 4501362 5410623 6352014
0123456 1250364 2314605 3562041 4635120 5406213 6041532
0123456 1250364 2561043 3014625 4306512 5642130 6435201
0123456 1254063 2016534 3562140 4305621 5640312 6431205
0123456 1254063 2461530 3045612 4612305 5306241 6530124
0123456 1254063 2640135 3415620 4561302 5036214 6302541
0123456 1254603 2415360 3642015 4560231 5306142 6031524
0123456 1254603 2640315 3506124 4032561 5461230 6315042
0123456 1254630 2346501 3412065 4065213 5630124 6501342
0123456 1254630 2631504 3046125 4510263 5362041 6405312
0123456 1256034 2314605 3561240 4630512 5042163 6405321
0123456 1256034 2534160 3641502 4310625 5062341 6405213
0123456 1256034 2540361 3064125 4315602 5631240 6402513
0123456 1256034 2564103 3012645 4605312 5431260 6340521
0123456 1256034 2634510 3045621 4362105 5401362 6510243
0123456 1256034 2645103 3014625 4531260 5460312 6302541
0123456 1256034 2645103 3514260 4031625 5460312 6302541
0123456 1256304 2340561 3061245 4532610 5604123 6415032
0123456 1256304 2530641 3412065 4601532 5364210 6045123
0123456 1256304 2640135 3415260 4562013 5304621 6031542
0123456 1256340 2435061 3604512 4510623 5061234 6342105
0123456 1260345 2034561 3451602 4615230 5306124 6542013
0123456 1260345 2436510 3502164 4051632 5614023 6345201
0123456 1260345 2514063 3452601 4635120 5306214 6041532
0123456 1260345 2645013 3504621 4016532 5431260 6352104
0123456 1260534 2015643 3641205 4352160 5406321 6534012
0123456 1260534 2315640 3642105 4051263 5406321 6534012
0123456 1260534 2345061 3512640 4036125 5604312 6451203
0123456 1260543 2341605 3415260 4506321 5634012 6052134
0123456 1264035 2435601 3502164 4056312 5610243 6341520
0123456 1264035 2516340 3401562 4352601 5630124 6045213
0123456 1264035 2630514 3542160 4305621 5016342 6451203
0123456 1264035 2645301 3056124 4501263 5310642 6432510
0123456 1264503 2345160 3051642 4506321 5610234 6432015
0123456 1264503 2516340 3642015 4350162 5031624 6405231
0123456 1264530 2516304 3641025 4350261 5402613 6035142
0123456 1265043 2036514 3412605 4651230 5304162 6540321
0123456 1265043 2346501 3502164 4651320 5014632 6430215
0123456 1265043 2436501 3054162 4610325 5342610 6501234
0123456 1265043 2436510 3054162 4610325 5342601 6501234
0123456 1265304 2614530 3056241 4530162 5402613 6341025
0123456 1265340 2054163 3602514 4510632 5346021 6431205
0123456 1265340 2054613 3516204 4602531 5340162 6431025
0123456 1265340 2634015 3401562 4510623 5046231 6352104
0123456 1302564 2610345 3045612 4256130 5461023 6534201
0123456 1302564 2630145 3546201 4265310 5014632 6451023
0123456 1302564 2645103 3261045 4516230 5034612 6450321
0123456 1302645 2035164 3456021 4261530 5640312 6514203
0123456 1302645 2560134 3456201 4231560 5614023 6045312
0123456 1304562 2451630 3065241 4612305 5236014 6540123
0123456 1304625 2056341 3415062 4561230 5642103 6230514
0123456 1304625 2410563 3056214 4561302 5642130 6235041
0123456 1304625 2456031 3561240 4635102 5012364 6240513
0123456 1304625 2560143 3415260 4256301 5641032 6032514
0123456 1304625 2651304 3016542 4235160 5460213 6542031
0123456 1305264 2456310 3214605 4560132 5641023 6032541
0123456 1305264 2460513 3654120 4516302 5042631 6231045
0123456 1305264 2514603 3461025 4256130 5640312 6032541
0123456 1305264 2540631 3456012 4261503 5632140 6014325
0123456 1305264 2546031 3652140 4261503 5430612 6014325
0123456 1305264 2631045 3246501 4562310 5014623 6450132
0123456 1305624 2034561 3216045 4561203 5642130 6450312
0123456 1305642 2056314 3614025 4230561 5462130 6541203
0123456 1305642 2064135 3516204 4230561 5642310 6451023
0123456 1305642 2064531 3510264 4236105 5642310 6451023
0123456 1305642 2541063 3654201 4062135 5416320 6230514
0123456 1305642 2541360 3264501 4610235 5036124 6452013
0123456 1305642 2634510 3251064 4016235 5460123 6542301
0123456 1305642 2634510 3462105 4251063 5046321 6510234
0123456 1306245 2045613 3610524 4561302 5234160 6452031
0123456 1306245 2435061 3542610 4610523 5064132 6251304
0123456 1306245 2435601 3062514 4650123 5241360 6514032
0123456 1306245 2645013 3562104 4251360 5014632 6430521
0123456 1306524 2031645 3645201 4560132 5412360 6254013
0123456 1306524 2035641 3541062 4260315 5614203 6452130
0123456 1306524 2461035 3654210 4035162 5210643 6542301
0123456 1306524 2645301 3451062 4012635 5260143 6534210
0123456 1340562 2051643 3416025 4562301 5634210 6205134
0123456 1340562 2514603 3256140 4061235 5602314 6435021
0123456 1340562 2634105 3056214 4502631 5261043 6415320
0123456 1340562 2635104 3416025 4052613 5261340 6504231
0123456 1340625 2061534 3615042 4536201 5204163 6452310
0123456 1340625 2514063 3065241 4256310 5602134 6431502
0123456 1340625 2651043 3065214 4236501 5412360 6504132
0123456 1340625 2651304 3514062 4062531 5236140 6405213
0123456 1342560 2031645 3654021 4560132 5206314 6415203
0123456 1342560 2034615 3651204 4506132 5260341 6415023
0123456 1342560 2564103 3610245 4056321 5201634 6435012
0123456 1342560 2610345 3465021 4056213 5201634 6534102
0123456 1342605 2036514 3561240 4250163 5614032 6405321
0123456 1345260 2461305 3502641 4630512 5216034 6054123
0123456 1345602 2056143 3264510 4601325 5432061 6510234
0123456 1345602 2056314 3604125 4261530 5430261 6512043
0123456 1345602 2530164 3064215 4602531 5416320 6251043
0123456 1345602 2560134 3451260 4036521 5612043 6204315
0123456 1345602 2634510 3416025 4501263 5260341 6052134
0123456 1345620 2510364 3651042 4236105 5064213 6402531
0123456 1345620 2516034 3604512 4250163 5062341 6431205
0123456 1345620 2650134 3264501 4501362 5016243 6432015
0123456 1345620 2650143 3561204 4016532 5204361 6432015
0123456 1345620 2651034 3014562 4562301 5206143 6430215
0123456 1346025 2460531 3251640 4615302 5032164 6504213
0123456 1346502 2435610 3214065 4650321 5061234 6502143
0123456 1346502 2615043 3504621 4260315 5431260 6052134
0123456 1346520 2014635 3451062 4265103 5630214 6502341
0123456 1346520 2514063 3461205 4650312 5032641 6205134
0123456 1346520 2560134 3054612 4201365 5612043 6435201
0123456 1350264 2031645 3546021 4602513 5264130 6415302
0123456 1350264 2061345 3406512 4512603 5634120 6245031
0123456 1350264 2465301 3014625 4602513 5236140 6541032
0123456 1350264 2564031 3042615 4615302 5236140 6401523
0123456 1350642 2031564 3465021 4602135 5246310 6514203
0123456 1350642 2035164 3564210 4601523 5246031 6412305
0123456 1352064 2634105 3245610 4061532 5406321 6510243
0123456 1352604 2034165 3615042 4561320 5406231 6240513
0123456 1352640 2036514 3405261 4261305 5640123 6514032
0123456 1352640 2046135 3564201 4610523 5201364 6435012
0123456 1352640 2046531 3604215 4561023 5230164 6415302
0123456 1352640 2430561 3604125 4516302 5261034 6045213
0123456 1352640 2564103 3645021 4016235 5201364 6430512
0123456 1352640 2634015 3046521 4501263 5260134 6415302
0123456 1352640 2635014 3046125 4501263 5264301 6410532
0123456 1354062 2065143 3516204 4602315 5431620 6240531
0123456 1354260 2436015 3261504 4510632 5602341 6045123
0123456 1354260 2460531 3246015 4512603 5601324 6035142
0123456 1354260 2460531 3246015 4512603 5601342 6035124
0123456 1354602 2045163 3461025 4612530 5206341 6530214
0123456 1354602 2416035 3241560 4065123 5602341 6530214
0123456 1354602 2546130 3061245 4210563 5602314 6435021
0123456 1356024 2540361 3415602 4062135 5631240 6204513
0123456 1356042 2045163 3462501 4601325 5234610 6510234
0123456 1356042 2461305 3245610 4610523 5034261 6502134
0123456 1356042 2541603 3064125 4215360 5630214 6402531
0123456 1356042 2640315 3405621 4231560 5062134 6514203
0123456 1356204 2031645 3240561 4562310 5604132 6415023
0123456 1356204 2514063 3461520 4602315 5230641 6045132
0123456 1356204 2540631 3462015 4201563 5634120 6015342
0123456 1356204 2641530 3514062 4260315 5032641 6405123
0123456 1356240 2041563 3614025 4235601 5460312 6502134
0123456 1356240 2641503 3205614 4530162 5462031 6014325
0123456 1360245 2031564 3542610 4605123 5416032 6254301
0123456 1360245 2054631 3201564 4516320 5642013 6435102
0123456 1360245 2416530 3504612 4052361 5631024 6245103
0123456 1360245 2436510 3514062 4051623 5602134 6245301
0123456 1360245 2516304 3054162 4631520 5402613 6245031
0123456 1360245 2531064 3456102 4615320 5042613 6204531
0123456 1360524 2016345 3654102 4531260 5402631 6245013
0123456 1360524 2031645 3645102 4512360 5406231 6254013
0123456 1362045 2035164 3451602 4206531 5614320 6540213
0123456 1362045 2054613 3641520 4516302 5230164 6405231
0123456 1362045 2054631 3201564 4635120 5416302 6540213
0123456 1362045 2430561 3546120 4615203 5201634 6054312
0123456 1362504 2034615 3506241 4215360 5640132 6451023
0123456 1362504 2435061 3654210 4510632 5046123 6201345
0123456 1362504 2540631 3604215 4035162 5416320 6251043
0123456 1362504 2654013 3201645 4510362 5436120 6045231
0123456 1362540 2650134 3514062 4231605 5046321 6405213
0123456 1364025 2451630 3016542 4502361 5630214 6245103
0123456 1364025 2451630 3506241 4615302 5042163 6230514
0123456 1364025 2456301 3501642 4615230 5042163 6230514
0123456 1364025 2516340 3405162 4250631 5631204 6042513
0123456 1364205 2036514 3605142 4250631 5412360 6541023
0123456 1364205 2045361 3652014 4510632 5236140 6401523
0123456 1364205 2456310 3015642 4602531 5231064 6540123
0123456 1364205 2541360 3052641 4605123 5416032 6230514
0123456 1364205 2615043 3502164 4056312 5241630 6430521
0123456 1364502 2051364 3416025 4635210 5240631 6502143
0123456 1364520 2035641 3541062 4602315 5416203 6250134
0123456 1364520 2415063 3241605 4650132 5036241 6502314
0123456 1364520 2435601 3502164 4056312 5610243 6241035
0123456 1364520 2450631 3042165 4615203 5236014 6501342
0123456 1364520 2615304 3541062 4052631 5406213 6230145
0123456 1365024 2054163 3241605 4516230 5602341 6430512
0123456 1365024 2054163 3246501 4610235 5432610 6501342
0123456 1365024 2056143 3641205 4512630 5204361 6430512
0123456 1365024 2451360 3046512 4602135 5210643 6534201
0123456 1365024 2536140 3014562 4650213 5402631 6241305
0123456 1365024 2540361 3254610 4016532 5602143 6431205
0123456 1365204 2016345 3204561 4650132 5432610 6541023
0123456 1365204 2541630 3254061 4610325 5036142 6402513
0123456 1365204 2651043 3542610 4206531 5410362 6034125
0123456 1365240 2436501 3512064 4051623 5604312 6240135
0123456 1402563 2065341 3514602 4356210 5630124 6241035
0123456 1402563 2650314 3514602 4365120 5236041 6041235
0123456 1402635 2036514 3564201 4615320 5241063 6350142
0123456 1402635 2350164 3016542 4265310 5641023 6534201
0123456 1402635 2645013 3016524 4350162 5261340 6534201
0123456 1402635 2645013 3264501 4351260 5036124 6510342
0123456 1405263 2641530 3264015 4352601 5016342 6530124
0123456 1405362 2356140 3614025 4260513 5042631 6531204
0123456 1405362 2360514 3514620 4652103 5246031 6031245
0123456 1405362 2630514 3012645 4256130 5364021 6541203
0123456 1405623 2534061 3256104 4061235 5612340 6340512
0123456 1406235 2015364 3541602 4260513 5634120 6352041
0123456 1406235 2541063 3264501 4652310 5310642 6035124
0123456 1406325 2345601 3654012 4531260 5062134 6210543
0123456 1406325 2365140 3514062 4250613 5631204 6042531
0123456 1406532 2051643 3564120 4630215 5342061 6215304
0123456 1406532 2345610 3564021 4651203 5012364 6230145
0123456 1406532 2350164 3641205 4265310 5034621 6512043
0123456 1406532 2645013 3014265 4530621 5261340 6352104
0123456 1430562 2365014 3514620 4652103 5206341 6041235
0123456 1430562 2615340 3246105 4502613 5364021 6051234
0123456 1430625 2365041 3541260 4216503 5602314 6054132
0123456 1432560 2065314 3506142 4250631 5641203 6314025
0123456 1432560 2364015 3506142 4251603 5640231 6015324
0123456 1432560 2610345 3501624 4356102 5064231 6245013
0123456 1435062 2016534 3251640 4562301 5640123 6304215
0123456 1435062 2056134 3264510 4612305 5340621 6501243
0123456 1435062 2560143 3601524 4016235 5342610 6254301
0123456 1435062 2641503 3056214 4210635 5364120 6502341
0123456 1435062 2650134 3542601 4016523 5364210 6201345
0123456 1435260 2046315 3501642 4612503 5264031 6350124
0123456 1435602 2046315 3652140 4501263 5364021 6210534
0123456 1435620 2041563 3652014 4206135 5360241 6514302
0123456 1435620 2064531 3256104 4501362 5642013 6310245
0123456 1435620 2516304 3064215 4602531 5340162 6251043
0123456 1436025 2350164 3045612 4561203 5612340 6204531
0123456 1436025 2540361 3251640 4605213 5064132 6312504
0123456 1436205 2340561 3265140 4051632 5614023 6502314
0123456 1436205 2651034 3204561 4065123 5312640 6540312
0123456 1436502 2014635 3562041 4205163 5641320 6350214
0123456 1436502 2354160 3642015 4065321 5201643 6510234
0123456 1436502 2560134 3254061 4601325 5342610 6015243
0123456 1436502 2640315 3561024 4352160 5204631 6015243
0123456 1436502 2651043 3065124 4512360 5240631 6304215
0123456 1436520 2065143 3651204 4510632 5204361 6342015
0123456 1436520 2354061 3561204 4605312 5210643 6042135
0123456 1436520 2541063 3605241 4260135 5314602 6052314
0123456 1450263 2061534 3514602 4306125 5642310 6235041
0123456 1450263 2534601 3246510 4602135 5361024 6015342
0123456 1450263 2641035 3562140 4306512 5034621 6215304
0123456 1450362 2345610 3564021 4236105 5601234 6012543
0123456 1450362 2614503 3065214 4201635 5346120 6532041
0123456 1450362 2634015 3065241 4501623 5246130 6312504
0123456 1450632 2061345 3506124 4315260 5642013 6234501
0123456 1450632 2364510 3516024 4031265 5602143 6245301
0123456 1452063 2346501 3065124 4601235 5234610 6510342
0123456 1452063 2615304 3264510 4301625 5036142 6540231
0123456 1452360 2364105 3645021 4036512 5201634 6510243
0123456 1452360 2564013 3245601 4036125 5610234 6301542
0123456 1452360 2630145 3561024 4316502 5204613 6045231
0123456 1452603 2036514 3261045 4615320 5340162 6504231
0123456 1452603 2564031 3046215 4235160 5610324 6301542
0123456 1452630 2035164 3564201 4601523 5346012 6210345
0123456 1452630 2640315 3516042 4265103 5034261 6301524
0123456 1456032 2345610 3602145 4510263 5061324 6234501
0123456 1456203 2605314 3541062 4260135 5314620 6032541
0123456 1456230 2561304 3612045 4035621 5340162 6204513
0123456 1456230 2641503 3564021 4305612 5230164 6012345
0123456 1456302 2064513 3201645 4635120 5342061 6510234
0123456 1456302 2305164 3540621 4612530 5061243 6234015
0123456 1456302 2340615 3064521 4235160 5601243 6512034
0123456 1456302 2541063 3605241 4260135 5314620 6032514
0123456 1460235 2056314 3502641 4635120 5214063 6341502
0123456 1460235 2541063 3256104 4035612 5612340 6304521
0123456 1460325 2356104 3014562 4205613 5631240 6542031
0123456 1460325 2541603 3054261 4236510 5612034 6305142
0123456 1460523 2051364 3245610 4602135 5316042 6534201
0123456 1460523 2534061 3015642 4602135 5246310 6351204
0123456 1460523 2534160 3651204 4205631 5316042 6042315
0123456 1460523 2546130 3215064 4652301 5304612 6031245
0123456 1462035 2045163 3506241 4651302 5314620 6230514
0123456 1462035 2315640 3501264 4650312 5046123 6234501
0123456 1462035 2345601 3056142 4501263 5610324 6234510
0123456 1462035 2630514 3054261 4315620 5206143 6541302
0123456 1462305 2534160 3051642 4605213 5316024 6240531
0123456 1462305 2536041 3205614 4650132 5314260 6041523
0123456 1462503 2056314 3205641 4630125 5314260 6541032
0123456 1462503 2540361 3615024 4256130 5031642 6304215
0123456 1462530 2356014 3605142 4510263 5034621 6241305
0123456 1462530 2536104 3245061 4310625 5604213 6051342
0123456 1465203 2034615 3542160 4256031 5610342 6301524
0123456 1465203 2046315 3201564 4652130 5310642 6534021
0123456 1465203 2046531 3204165 4352610 5610342 6531024
0123456 1465203 2351640 3516024 4230561 5604132 6042315
0123456 1465203 2516034 3652140 4201365 5340612 6034521
0123456 1465203 2546031 3204165 4652310 5310642 6031524
0123456 1465203 2631045 3016524 4352160 5240631 6504312
0123456 1465203 2654310 3516024 4301562 5230641 6042135
0123456 1465320 2346105 3054612 4530261 5612034 6201543
0123456 1502364 2045613 3216045 4631520 5460231 6354102
0123456 1502364 2065143 3456021 4630215 5214630 6341502
0123456 1502643 2015364 3246105 4360521 5634012 6451230
0123456 1502643 2345061 3654120 4016235 5261304 6430512
0123456 1502643 2430561 3264015 4651302 5346120 6015234
0123456 1502643 2435061 3641205 4056132 5264310 6310524
0123456 1502643 2450361 3064215 4631520 5346102 6215034
0123456 1504263 2041635 3652104 4360512 5216340 6435021
0123456 1504263 2065314 3416520 4352601 5631042 6240135
0123456 1504263 2450631 3645102 4016325 5362014 6231540
0123456 1504263 2641035 3062514 4356120 5230641 6415302
0123456 1504623 2416035 3245160 4362501 5630214 6051342
0123456 1504623 2461305 3056214 4310562 5642130 6235041
0123456 1504632 2460315 3256140 4032561 5641023 6315204
0123456 1506234 2645310 3451602 4360125 5214063 6032541
0123456 1506324 2014635 3265041 4651203 5342160 6430512
0123456 1506324 2054613 3245061 4631205 5462130 6310542
0123456 1506324 2365140 3452601 4630512 5241063 6014235
0123456 1506342 2061534 3452601 4630215 5214063 6345120
0123456 1506342 2315064 3042615 4261503 5634120 6450231
0123456 1530264 2014635 3206541 4365102 5641320 6452013
0123456 1530264 2016345 3645102 4362510 5401623 6254031
0123456 1530264 2061345 3405612 4612503 5246130 6354021
0123456 1530264 2061345 3405612 4612503 5346021 6254130
0123456 1530264 2364510 3642105 4051632 5206341 6415023
0123456 1530264 2645310 3064521 4251603 5316042 6402135
0123456 1530624 2354160 3061245 4602513 5416302 6245031
0123456 1530642 2356104 3402561 4615320 5264013 6041235
0123456 1530642 2365014 3641520 4056231 5204163 6412305
0123456 1530642 2401563 3065214 4612305 5346120 6254031
0123456 1530642 2654013 3246105 4302561 5061324 6415230
0123456 1532064 2064315 3205641 4356102 5641230 6410523
0123456 1532640 2064531 3451062 4306125 5640213 6215304
0123456 1534602 2610345 3251064 4365210 5046123 6402531
0123456 1534620 2460531 3651204 4012365 5206143 6345012
0123456 1534620 2641035 3456102 4012563 5360214 6205341
0123456 1536042 2460513 3205164 4352601 5641320 6014235
0123456 1536042 2614305 3201564 4365120 5042631 6450213
0123456 1536042 2650134 3264501 4315260 5041623 6402315
0123456 1536204 2054631 3401562 4365120 5642013 6210345
0123456 1536204 2064513 3245160 4310625 5601342 6452031
0123456 1536240 2054631 3462015 4601523 5210364 6345102
0123456 1536240 2450613 3265104 4602531 5041362 6314025
0123456 1540362 2364015 3052641 4605123 5416230 6231504
0123456 1540362 2635104 3461520 4056231 5204613 6312045
0123456 1540362 2654103 3265041 4301625 5036214 6412530
0123456 1540623 2056134 3615240 4362501 5431062 6204315
0123456 1540623 2435061 3256140 4061235 5604312 6312504
0123456 1540623 2651034 3264510 4305261 5036142 6412305
0123456 1540632 2014563 3602145 4265310 5436021 6351204
0123456 1540632 2365014 3416205 4231560 5604123 6052341
0123456 1540632 2365014 3416205 4631520 5204163 6052341
0123456 1542360 2014635 3256041 4631502 5360214 6405123
0123456 1542360 2634015 3415602 4360521 5206134 6051243
0123456 1542603 2630514 3254160 4061325 5316042 6405231
0123456 1542630 2034561 3615024 4360215 5206143 6451302
0123456 1542630 2461503 3214065 4650321 5036214 6305142
0123456 1546023 2431560 3605214 4062135 5314602 6250341
0123456 1546032 2031645 3610524 4205361 5364210 6452103
0123456 1546032 2034615 3612504 4205163 5361240 6450321
0123456 1546032 2051643 3204561 4365210 5630124 6412305
0123456 1546032 2354610 3065241 4201563 5630124 6412305
0123456 1546032 2360514 3415260 4231605 5602341 6054123
0123456 1546302 2634015 3402561 4251630 5360124 6015243
0123456 1546320 2461035 3012564 4305612 5630241 6254103
0123456 1546320 2461035 3614502 4305261 5230614 6052143
0123456 1560234 2031645 3645102 4312560 5406321 6254013
0123456 1560234 2354061 3041625 4615302 5236140 6402513
0123456 1560234 2356041 3614502 4235610 5402163 6041325
0123456 1560243 2051364 3645012 4316520 5402631 6234105
0123456 1560243 2405631 3652104 4236510 5014362 6341025
0123456 1560243 2436510 3652104 4205631 5014362 6341025
0123456 1560243 2456301 3601524 4035162 5342610 6214035
0123456 1560324 2041635 3415062 4236510 5602143 6354201
0123456 1560324 2041635 3615042 4356201 5402163 6234510
0123456 1560324 2354061 3601245 4036512 5412630 6245103
0123456 1560324 2451603 3246015 4612530 5034261 6305142
0123456 1562034 2054163 3206541 4615320 5340612 6431205
0123456 1562043 2310564 3654210 4231605 5406132 6045321
0123456 1562043 2346501 3605124 4051362 5214630 6430215
0123456 1562043 2350164 3406512 4231605 5614230 6045321
0123456 1562043 2435601 3046125 4601532 5314260 6250314
0123456 1562043 2435610 3604125 4316502 5240361 6051234
0123456 1562043 2640315 3201564 4056231 5314620 6435102
0123456 1562304 2054613 3206541 4315260 5641032 6430125
0123456 1562340 2036514 3451062 4615203 5240631 6304125
0123456 1564023 2341560 3412605 4650132 5036241 6205314
0123456 1564023 2350641 3416502 4031265 5642310 6205134
0123456 1564023 2416305 3241560 4650231 5302614 6035142
0123456 1564023 2640135 3451260 4315602 5206314 6032541
0123456 1564023 2641530 3412605 4250361 5036142 6305214
0123456 1564203 2031564 3216045 4305621 5642130 6450312
0123456 1564203 2456310 3012564 4305621 5630142 6241035
0123456 1564203 2615340 3052614 4206531 5431062 6340125
0123456 1564230 2310645 3605124 4036512 5241063 6452301
0123456 1564230 2340615 3605142 4036521 5412063 6251304
0123456 1564230 2346015 3052641 4605123 5210364 6431502
0123456 1602345 2054631 3465210 4316502 5240163 6531024
0123456 1602345 2465013 3516204 4051632 5234160 6340521
0123456 1602534 2054163 3561240 4216305 5430621 6345012
0123456 1602534 2340615 3254061 4516302 5061243 6435120
0123456 1602534 2430615 3254061 4561302 5016243 6345120
0123456 1602534 2430615 3254160 4561203 5016342 6345021
0123456 1604235 2356041 3542160 4015623 5460312 6231504
0123456 1604235 2451063 3562104 4035612 5216340 6340521
0123456 1604523 2056341 3541260 4362105 5410632 6235014
0123456 1604523 2365140 3512064 4256301 5041632 6430215
0123456 1604532 2065341 3256014 4510623 5341260 6432105
0123456 1604532 2346105 3051264 4562310 5230641 6415023
0123456 1604532 2365104 3041625 4256310 5430261 6512043
0123456 1604532 2365140 3546021 4052613 5210364 6431205
0123456 1605243 2346015 3514620 4052361 5260134 6431502
0123456 1605324 2054631 3216045 4561203 5342160 6430512
0123456 1605324 2346501 3051642 4512063 5264130 6430215
0123456 1605324 2436105 3542610 4310562 5064231 6251043
0123456 1605324 2534061 3016245 4261503 5340612 6452130
0123456 1605324 2564130 3016245 4250613 5342061 6431502
0123456 1605342 2356104 3462510 4510623 5034261 6241035
0123456 1630245 2461530 3205164 4512603 5046312 6354021
0123456 1630524 2564031 3256140 4315602 5041263 6402315
0123456 1632504 2316045 3465210 4051632 5240361 6504123
0123456 1632504 2356041 3405162 4561320 5240613 6014235
0123456 1632504 2546130 3265041 4301625 5014263 6450312
0123456 1632540 2410635 3051264 4265103 5346012 6504321
0123456 1632540 2410635 3501264 4265103 5346012 6054321
0123456 1632540 2410635 3501264 4365102 5246013 6054321
0123456 1632540 2460315 3506124 4315602 5241063 6054231
0123456 1632540 2540163 3405612 4361205 5216034 6054321
0123456 1634025 2065143 3456210 4502631 5210364 6341502
0123456 1634025 2450361 3245610 4316502 5061234 6502143
0123456 1634025 2450361 3245610 4316502 5061243 6502134
0123456 1634025 2450361 3546102 4365210 5201634 6012543
0123456 1634025 2541603 3065241 4312560 5206314 6450132
0123456 1634205 2451360 3065124 4502631 5316042 6240513
0123456 1634205 2451360 3506124 4062531 5240613 6315042
0123456 1634205 2516340 3405162 4250631 5361024 6042513
0123456 1634205 2540361 3206514 4315620 5062143 6451032
0123456 1634502 2046315 3251640 4560231 5312064 6405123
0123456 1634502 2450613 3061245 4512360 5346021 6205134
0123456 1634502 2560134 3246015 4305621 5412360 6051243
0123456 1634520 2045163 3562014 4256301 5401632 6310245
0123456 1634520 2046135 3265014 4352601 5410263 6501342
0123456 1634520 2510364 3261045 4356102 5402613 6045231
0123456 1634520 2541063 3016245 4352601 5260314 6405132
0123456 1635042 2360514 3046125 4251603 5402361 6514230
0123456 1635204 2046315 3254160 4510623 5362041 6401532
0123456 1635204 2460531 3254160 4501623 5016342 6342015
0123456 1635204 2461035 3054612 4316520 5240163 6502341
0123456 1635240 2416035 3264501 4350162 5042613 6501324
0123456 1635240 2514603 3251064 4360521 5406312 6042135
0123456 1640325 2061534 3514062 4352601 5206143 6435210
0123456 1640325 2564031 3215640 4031562 5406213 6352104
0123456 1640325 2564031 3251640 4035162 5406213 6312504
0123456 1640523 2051634 3514260 4362105 5206341 6435012
0123456 1640532 2061345 3516024 4352610 5204163 6435201
0123456 1640532 2356140 3412605 4065213 5231064 6504321
0123456 1640532 2451063 3265104 4306215 5034621 6512340
0123456 1642035 2534601 3265140 4056312 5410263 6301524
0123456 1642035 2560143 3415260 4306512 5031624 6254301
0123456 1642035 2560143 3415620 4036512 5301264 6254301
0123456 1642305 2530164 3254610 4061523 5316042 6405231
0123456 1642305 2534610 3265041 4056132 5310264 6401523
0123456 1642503 2034615 3451260 4506132 5260341 6315024
0123456 1642503 2056314 3504621 4260135 5431062 6315240
0123456 1642503 2354061 3506142 4230615 5061324 6415230
0123456 1642503 2356140 3415062 4230615 5064231 6501324
0123456 1642503 2356140 3514062 4260315 5031624 6405231
0123456 1642503 2365140 3014625 4506312 5231064 6450231
0123456 1642503 2410635 3265140 4506312 5031264 6354021
0123456 1642503 2410635 3501264 4065312 5236140 6354021
0123456 1642503 2456130 3215064 4560321 5304612 6031245
0123456 1642530 2016345 3254061 4531602 5360214 6405123
0123456 1642530 2065341 3406125 4251603 5314062 6530214
0123456 1642530 2516304 3401625 4250163 5364012 6035241
0123456 1645023 2034561 3512640 4360215 5406132 6251304
0123456 1645023 2310645 3062514 4251360 5406231 6534102
0123456 1645023 2531640 3052164 4206315 5460231 6314502
0123456 1645032 2054613 3561204 4302561 5216340 6430125
0123456 1645032 2450613 3561204 4302561 5216340 6034125
0123456 1645230 2514603 3451062 4306125 5260314 6032541
0123456 1645302 2014563 3401625 4256130 5362041 6530214
0123456 1645302 2561034 3214560 4036215 5302641 6450123
0123456 1645302 2564130 3206514 4031625 5410263 6352041
0123456 1645320 2031564 3254601 4560213 5416032 6302145
0123456 1645320 2316045 3261504 4502613 5430162 6054231
0123456 1645320 2531064 3412605 4260513 5306142 6054231
0123456 1650234 2435601 3562140 4306512 5241063 6014325
0123456 1650234 2436501 3062145 4205613 5341062 6514320
0123456 1650234 2561043 3045621 4306512 5412360 6234105
0123456 1650243 2435061 3541620 4062135 5206314 6314502
0123456 1650243 2561034 3045612 4306521 5214360 6432105
0123456 1650324 2546130 3265041 4031265 5304612 6412503
0123456 1650342 2345160 3516204 4031625 5264031 6402513
0123456 1650342 2346015 3514260 4061523 5402631 6235104
0123456 1652034 2364105 3045621 4236510 5401362 6510243
0123456 1652034 2430615 3514260 4065123 5206341 6341502
0123456 1652034 2436510 3015642 4361205 5240361 6504123
0123456 1652034 2460315 3546102 4315620 5034261 6201543
0123456 1652043 2346501 3205164 4561230 5430612 6014325
0123456 1652043 2546130 3014562 4261305 5430621 6305214
0123456 1652304 2345061 3064215 4506123 5231640 6410532
0123456 1652304 2346510 3405621 4560132 5014263 6231045
0123456 1652340 2546031 3214605 4031562 5460213 6305124
0123456 1654032 2035641 3541260 4206315 5360124 6412503
0123456 1654032 2045163 3516204 4302615 5461320 6230541
0123456 1654032 2465310 3246501 4510623 5031264 6302145
0123456 1654032 2510364 3201645 4062513 5346120 6435201
0123456 1654032 2530614 3402561 4261305 5046123 6315240
0123456 1654032 2536104 3042561 4365210 5401623 6210345
0123456 1654032 2536140 3012564 4365201 5401623 6240315
0123456 1654203 2431560 3506124 4062315 5240631 6315042
0123456 1654203 2431560 3516042 4305621 5062314 6240135
0123456 1654203 2531640 3215064 4062135 5406312 6340521
0123456 1654203 2531640 3265014 4310562 5406321 6042135
0123456 1654230 2431605 3512064 4360512 5206143 6045321
0123456 1654230 2461305 3506124 4032561 5240613 6315042
0123456 1654230 2510643 3401562 4236105 5362014 6045321
0123456 1654320 2541063 3415602 4260135 5306214 6032541
