3120031220311203
1302213002133021
0213213013023021
0312312012032031
0213130221303021
0231201313023120
2301123001233012
1230301201232301
3012123023010123
3120120320310312
3120201313020231
3210102323010132
1230230130120123
1032320101232310
1032012332012310
0123231010323201
3210032110322103
3201231001231032
0132102323013210
3210210310320321
1023230101323210
2310103232010123
0321321021031032
3102203113200213
3120203112030312
0132230110233210
0123230112303012
3201103223100123
2103103203213210
1320021331022031
2310012332011032
1320203131020213
2031132002133102
0231312020131302
2130021330211302
0123123023013012
0213132020313102
2031310202131320
0213310220311320
2031120331200312
3201231010320123
1302302102132130
1203203103123120
2031031231201203
1032210332100321
1230301223010123
2013312002311302
1023321001322301
1203031220313120
2130302113020213
0321210332101032
2031312003121203
1302021330212130
1032321003212103
3120130202312013
0213203131021320
1320310202132031
1023013232102301
2013023131201302
2031021313203102
2103032132101032
1203031231202031
3210103203212103
2130302102131302
0321210310323210
3021213013020213
2031312012030312
0312120320313120
1302021321303021
1032321021030321
1302312002312013
0231201331201302
2013023113023120
0132102332102301
2031021331021320
3102132002132031
1320310220310213
3012123021030321
0231310213202013
3021120303122130
2130031212033021
3102023120131320
2103032130121230
1230301203212103
1302023120133120
3021213003121203
2013132002313102
2031312013020213
0321210330121230
1023231001323201
3012123003212103
0231301221031320
3102021313202031
2031021313023120
2130130230210213
0312120330212130
1302021320313120
2031130231200213
2031130202133120
3012132021030231
0312320121301023
1302203102133120
2103032112303012
0213312020311302
1032032132102103
1032231001233201
3120021320311302
1230301221030321
3120203102131302
3021120323100132
1320201301323201
2013132031020231
0231130220133120
3102023113202013
1320013220133201
1032012323013210
3102231010230231
0231301213202103
3102032120131230
0312203112033120
1230210330210312
0213203131201302
1320013232012013
2013132032010132
2013312013020231
2103103232100321
3012023113202103
2013132001323201
0321321010322103
2130130202133021
3201013213202013
0312210312303021
3201013210232310
3120120303122031
1023013223013210
0231310220131320
1032012323103201
0213103231202301
3201132001322013
3210210303211032
2310102331020231
2013130231200231
1230210303213012
1032321023010123
0321123020133102
0213230110323120
0231102323103102
1023231031020231
2130102303123201
2310013210233201
1023023123103102
2031012313023210
3021123021030312
0231201331021320
1023231002313102
3021120321300312
2031031212033120
0123301212302301
0231102331022310
3102102302312310
2013013232011320
0123103223103201
2301123030120123
2301012312303012
3102201313200231
2103031212303021
1230302121030312
0321123030122103
3201031221301023
2013310213200231
1203032130122130
0132320123101023
1320023120133102
1230230101233012
2013123031020321
2013013213203201
0321210312303012
2103023130121320
0312203131201203
3021213012030312
0132320110232310
1230032121033012
2301013210233210
2103301212300321
3102132020130231
0231201313203102
2301301201231230
2103123030120321
1023031232012130
2130102332010312
1032032121033210
2310302101321203
1032012332102301
1230201331020321
0231210313203012
2103123003213012
1320320101322013
3210012320311302
2031130232100123
3012120321300321
3021231012030132
2103031230211230
1203032121303012
1302203101233210
2310023110233102
1320203102133102
1203312003122031
1230302103122103
3021130221300213
1023320121300312
0231132020133102
1023310202312310
1302012320313210
3021021313022130
1320201331020231
3120230110320213
0123103232102301
0132302123101203
3102132002312013
3210103201232301
0312302112032130
1320210330120231
3201213003121023
2130032130121203
3120103202132301
0213103223013120
1023023131022310
0312123021033021
1230210330120321
0132102323103201
0123321010322301
1203231001323021
1203031221303021
2310320101231032
3210012323011032
3012032112302103
3012123001232301
3210130220310123
0321120321303012
2310302112030132
2013310202311320
0123321023011032
1032321001232301
0231231010233102
3021031221301203
3210013223011023
0321301221031230
0213130230212130
2301021310323120
3012012312302301
0231310223101023
2301321001231032
1302321001232031
0213213030211302
0321301212302103
3021031212302103
1203213030210312
2310013232011023
0123320123101032
3210230101231032
0231310210232310
1203301203212130
1230031230212103
3201231001321023
3021210303121230
2013032112303102
0312213012033021
0231132030122103
3102201303211230
1023320123100132
2301103201233210
3210130201232031
0231132031022013
0123230130121230
0132120330212310
0123103223013210
2013032131021230
2130301203211203
0321213030121203
2130120330210312
2013023131021320
0321310220131230
3120021313022031
3201231010230132
0123203113023210
0231210330121320
2301321001321023
3021210312300312
2301021331201032
0123301223011230
2031012332101302
2103321003211032
0312312020311203
0132132020133201
1320023131022013
3210203101231302
1032021331202301
3012230112300123
2031321001231302
0312210330211230
1032230132100123
0123130220313210
2013023113203102
0123321013022031
3012032121031230
1023230132100132
3021013223101203
2130320103121023
1302012332102031
3012132002312103
0132321023011023
0123130232102031
2301012310323210
0312320110232130
1302203132100123
2103302112300312
0123230110323210
2130302103121203
0123103232012310
1203013223103021
0312120331202031
3021130202132130
0312213032011023
0321213012033012
3201013220131320
0213203113023120
1032230101233210
2103132030120231
2103032110323210
1302201331200231
3102201302311320
2301103232100123
1302321020310123
1023231032010132
1203031230212130
2031021331201302
1032320123100123
3021031212032130
3210012313022031
0123321020311302
2031321013020123
1302312002132031
1032230131200213
3012012323011230
1203302121300312
3120031212032031
3012210303211230
0213130220313120
3012213012030321
2130021313023021
3102201312300321
2301012332101032
1023013232012310
1203213003123021
2031310213200213
2013310203211230
3120203113020213
2103301203211230
3021213002131302
2310320101321023
0123203132101302
2031130201233210
3120023113022013
2301312002131032
1302312020130231
3201201313200132
0312120321303021
1302312020310213
1320310220130231
3120130220310213
3012210312300321
3210230110230132
1230032130122103
2310023131021023
1023031221303201
2301012330121230
1032312002132301
0132201332011320
3210012310322301
0123123030122301
3012023121031320
0132120323103021
3021031221031230
0213310213202031
2103321010320321
0132102332012310
0132302112032310
3102023110232310
1032312023010213
2310120301323021
1302023131202013
0132231010233201
2310102302313102
1023310223100231
2301321010320123
3201201301321320
2310013212033021
2310320110320123
1230032120133102
3201013223101023
0321103232102103
3012213003211203
3210103221030321
2130320110230312
0132320113202013
1203203131200312
3102032112302013
2103302103121230
2013123003213102
3102021320311320
0132320120131320
3021231001321203
1230032131022013
0213312010322301
2310320110230132
3201102301322310
1203312020310312
3012230101231230
1320310202312013
3120023120131302
3120130202132031
2103132002313012
3102023123101023
2103023113203012
0321201331021230
1320301202312103
1203013230212310
3120203103121203
3210203113020123
2130032112033012
3120201302311302
2130302112030312
1023213003123201
1302302121300213
0123231032011032
1320320120130132
2310120330210132
0123320110322310
0213130231202031
3201132020130132
1320201332010132
2013320101321320
3102102323100231
0231231031021023
0312102332012130
2013320113200132
3021013212032310
1302203131200213
3201012323101032
3210103223010123
2310310202311023
3012032112032130
0132231030211203
0132231012033021
0132132032012013
1230210303123021
3102231002311023
1032210303213210
0213132031022031
0321103221033210
2031132031020213
1302213030210213
1230031221033021
3012032121301203
0213203113203102
0132201313203201
1203302101322310
1230310220130321
1302201302313120
0213312013022031
3021120301322310
2310310210230231
3201031210232130
2301301212300123
1203231030210132
0321301221301203
2103123003123021
1320023130122103
2310102301323201
2031120303123120
3201102321300312
1023320101322310
0312302121301203
0321123031022013
0213302113022130
2301103202133120
2310013230211203
0213302121301302
0231130231202013
2130031232011023
2301312010320213
0312302121031230
3021021321301302
3201012310322310
3201103201232310
3012210302311320
2013130202313120
0132231032011023
0312302112302103
3120130220130231
2310102332010132
2310103201233201
0132321010232301
0231312013022013
1023013223103201
3210102301322301
0312123030212103
1203302103122130
2130301212030321
0321123021033012
3102203102131320
2031312002131302
1203301221300321
2130120330120321
3102123003212013
2301102301323210
1203213030120321
3012210313200231
2130120303123021
3210013210232301
3120021323011032
2130120303213012
3210230110320123
3201102323100132
1203302123100132
1203213003213012
0312213030211203
2301102332100132
0321301212032130
1032231032010123
0321120330122130
1320021320313102
2301321010230132
2103123030210312
1320301221030231
2310012310323201
1023321023010132
3120230102131032
0132230132101023
2103301202311320
0123230132101032
1320201302313102
2103301213200231
3102132020310213
1320023121033012
3210230101321023
0231132021033012
1320210302313012
1230310203212013
1302021331202031
0321310212302013
1032230102133120
3120103223010213
1230201303213102
0321201312303102
1230012323013012
2013310212300321
2130031230211203
2130031210233201
3102123020130321
2301013232101023
0312102321303201
0312213010233201
1023320103122130
3021123003122103
3012120303212130
1023213032010312
3201213010230312
3120021310322301
3201102303122130
0213230131201032
1230012330122301
0213312023011032
3210032121031032
2301103231200213
1032021323013120
