0123412403403122304134120
0123414302320412341040123
0123420413430213214014302
0123414320301422340142013
0123440123324102430113042
0123424310304211204343102
0123420413123403410243021
0123443021321402041314302
0123430421431021204324310
0123423140104233401242301
0123440123320412341014302
0123430421420131430223140
0123443102320411042324310
0123443012203411240334120
0123443021143023214020413
0123432140430211430220413
0123413042324104032124103
0123434021123404310220413
0123424310431021042332041
0123442310341022304110423
0123442013103422340134120
0123430421123402401343102
0123440123130423240124310
0123443102304212401312340
0123432410241031034243021
0123423041104234231034102
0123430421240134310212340
0123424103430211034232410
0123443120243011204330412
0123432041204134312014302
0123443021241031034232410
0123443012341201240320341
0123420413320414312014302
0123413042243103240140123
0123423041341021042342310
0123424310401233240113042
0123412340341024302120413
0123440321241033241013042
0123443021324101034224103
0123432410203414310214023
0123440123243103240113042
0123443102123402401330421
0123413042243104012332401
0123432041204131430243120
0123412340204134310234021
0123424103324104302110342
0123430421123404310224013
0123412340431023042124013
0123432410430212410310342
0123434120430122034112403
0123414023324014031223140
0123420341341204301212403
0123440312340211240323140
0123413420423012014334012
0123413420301424201324301
0123424103103424302132410
0123443120304121204324301
0123440312140233240123140
0123434120203414301212403
0123414023231403240140312
0123420413431201430232041
0123442013301421432023401
0123423140140233240140312
0123434102423101042323041
0123442301104233401223140
0123413402340214231020143
0123423410403213410212043
0123434102234104032112043
0123440312324012314014023
0123434012134202014342301
0123423401420131432030142
0123424301134203014242013
0123443102140232034132410
0123440312231403240114023
0123413042204133412042301
0123440312124032304134120
0123410423230413410242310
0123434102403211204323410
0123423410120434032134102
0123423401301421432042013
0123434120124034301220341
0123442301340122014313420
0123440123324012431013042
0123423401143203014242013
0123423401420133014214320
0123412403203413412043012
0123434012423011342020143
0123442310230411042334102
0123434012104232314042301
0123423041143204210330412
0123442310104233410223041
0123423401321404031214023
0123414320421032304130412
0123434120124032034143012
0123423401140233214040312
0123442301134203401220143
0123434012231404032112403
0123414023234013214040312
0123442013203411340234120
0123414320304124210323041
0123430412421031432023041
0123442103143203041223041
0123412403431202034134012
0123423410120433410240321
0123434012403212314012403
0123420341341201340242013
0123443120324012401310342
0123430142420131432023401
0123423041421033041214320
0123442301134202401330142
0123434120203411340242013
0123442103304122304114320
0123432041403121342024103
0123430412143202304142103
0123442301301422401313420
0123424013103423240143120
0123423140124034032134012
0123434120134024201320341
0123420341124034301234120
0123423410340211034242103
0123423041304121432042103
0123430142134204230124013
0123414023321402340140312
0123440123324011304224310
0123434012124032314040321
0123424301420131342030142
0123440312234011402332140
0123440321234101204334102
0123424013431021234030421
0123442301301421342024013
0123413420403123204124103
0123430142234104230114023
0123440312134203204124103
0123434012431201240320341
0123424103320414031213420
0123423140403123240114023
0123432041241034031213420
0123440312320411342024103
0123442013341201340220341
0123424103320411342040312
0123412340430213410220413
0123430142140234231023401
0123434021231401240340312
0123424103134204031232041
0123440312231403402112403
0123432041241031342040312
0123440312241033204113420
0123424103403123204113420
0123424103423101304230421
0123412340204133402143102
0123424103130424231030421
0123414320324014301220143
0123430142234011432042013
0123413042304214231024103
0123432410143022014343021
0123424013103424312032401
0123414302324102014343021
0123443120120432430130412
0123414302201433241043021
0123442301201433401213420
0123413042423103042124103
0123424301134204201330142
0123412340340214310220413
0123423140324011402340312
0123443102123403402120413
0123440321120432341034102
0123424310401231340232041
0123443021324102014314302
0123412043304122430143120
0123424301120433041243120
0123424103423103042113042
0123434012124034032123140
0123424103304214231013042
0123432041243101340240123
0123442103230411432030412
0123420413321404302114302
0123423140403123402112403
0123434120420131340220341
0123443021201431430232410
0123420413340211234043102
0123440123243103204113402
0123443102123402041334021
0123432410143024302120143
0123424310320414012313402
0123443102120432431030421
0123434102430211234020413
0123424103403211304232410
0123424103403121342032041
0123414023321404031223401
0123420143423101340234021
0123442013234011432030142
0123412340204133410243021
0123423401143204201330142
0123412340240133042143102
0123424301130424012332410
0123414302234104012332041
0123413042324012431040123
0123423401120433412040312
0123424301401231304232410
0123423140403213401212403
0123440312324011402323140
0123414023423102340130142
0123423140140234230130412
0123412340240134310230421
0123423410341021204340321
0123423410401231430232041
0123440321124033401223140
0123432140240134032113402
0123443120143022041332041
0123412340241034301230421
0123442103304212431013042
0123432140430122430110423
0123413420203414201334102
0123430142140232341042301
0123420413143023204143120
0123423041423101042334102
0123414023304124230123140
0123434120130424230120413
0123420413143203204143102
0123440321341021204323410
0123442103103423402123410
0123443012321402430110423
0123424103103423241043021
0123440321341022341012043
0123440321231403401212403
0123434012231404230110423
0123434021124034031223140
0123442013143203014223401
0123432140403212401313402
0123420341420133410213420
0123424013134203014242301
0123410423341022304142310
0123412403430123412020341
0123443012201431432032401
0123424301431201204330412
0123432401201434301214320
0123410423243014301232140
0123423041304124210314320
0123432140403121402323401
0123432401143202014343012
0123443102243103042112043
0123434012201431342042301
0123443021123402410330412
0123440312341202304112403
0123410423321402430143012
0123442310140232340130142
0123443120304122430112043
0123420413130423412042301
0123430142423011402323410
0123442013134023412020341
0123440312134202410332041
0123443012124033412020341
0123414023231404230130412
0123423410301424230114023
0123412403340212314040312
0123434120420131034223401
0123410342420133412023401
0123423401301424231014023
0123420143324104302114302
0123424310401231304232401
0123424301104234301232140
0123414023234014231030142
0123442103134202034134012
0123434012203411240343120
0123430142143202340142013
0123443021341021234020413
0123423410140233014242301
0123423401103424201334120
0123432410403212410313042
0123424301321401042343012
0123443021143022041332140
0123424013321404032113402
0123434021403122314012403
0123442103134203401220341
0123412043341202340140312
0123423140340214031212403
0123423041341024231010423
0123423401341204201310342
0123424310301421240343021
0123410342420132340134120
0123440312340212314012403
0123424310130423240140123
0123420413320414310214320
0123420341340124210313420
0123442103340122034113420
0123440123324101430223041
0123423410301421402342301
0123423401103423412042013
0123430421430122410312340
0123443120143023204120413
0123423140124033402140312
0123430412231401402342301
0123442310234011402330142
0123420143134204230134012
0123432041431201430220413
0123413402341204201320341
0123420143340211340242310
0123412043243104310230421
0123410423320412431043102
0123413402203413412042013
0123412403430213014224310
0123430412123404302124103
0123443120320411430220413
0123412403341202034143012
0123412403430122034134120
0123424013431203240110342
0123434102403212341012043
0123442301231401042334012
0123432041431022431010423
0123442310241031304230421
0123413042324102430140123
0123424310320411042343102
0123413042403212410332410
0123442013134203410220341
0123413420203413410242013
0123443120240131034232401
0123432410130424012324301
0123430142430211240324310
0123430412423012314014023
0123443102320412431010423
0123413042401233241024301
0123430421241031234043012
0123410342324012401343120
0123413042243013241040123
0123430421421031304224310
0123424310104233204143102
0123423410340214210310342
0123410342340212341042103
0123442013341021342020341
0123443012304211234024103
0123443021143022014332410
0123432410243014012313042
0123432041143022041343120
0123413420420132034134102
0123424013134024032132140
0123413420301422401342301
0123420341134204201334102
0123443021324102410310342
0123414302401233204123410
0123430421123404301224103
0123442301340122314010423
0123443102243101204330421
0123414320430123240120143
0123440312230413412012403
0123443120324011034224013
0123414023431023241020341
0123423401423101402330142
0123432401401232431013042
0123410342431203240124013
0123434120230411240340312
0123420143324101430243021
0123432401431202401310342
0123443120240133240110342
0123423410143023204140123
0123413420201433401242301
0123424013324014312010342
0123414320201434301232401
0123420143143203240143012
0123420143324014301214320
0123424103430213241010342
0123443012324011432020143
0123423140304214201314302
0123420413341024302112340
0123420341421031342034012
0123442103230413041214320
0123414302234103204140123
0123432410403211304224103
0123434102230411042342310
0123434012403211240323140
0123424310134024012332041
0123414320324012014343012
0123430421120432431043102
0123442013304211430223140
0123443021204131430232140
0123440312231401402332401
0123424310320411340240123
0123412403203414301234120
0123432041234104012314302
0123412340340124012323401
0123412340430212041334102
0123423140140233041242301
0123420143430211430232410
0123413042324102410340321
0123443021304121234024103
0123443021204131234034102
0123420341421033401213420
0123420413123404302134102
0123440123340122340112340
0123430142134204201324301
0123412043243103042143102
0123420143143024302132410
0123434012423011042323140
0123423140420133042114302
0123423140304211430242013
0123424103123403042143012
0123442013143022314030421
0123420413431023402112340
0123414302304214201323140
0123442103234103402110342
0123443021241033041212340
0123430421143024201323140
0123443102304211234024013
0123423041104233410242310
0123442310340212014313402
0123430142423012341014023
0123424103134203204140312
0123414302231403042142013
0123414023304122314042301
0123443102123403042124013
0123442301140233014223410
0123442310140233014223401
0123442301341201304220413
0123420413130424230134120
0123434102203414201313420
0123420143430121432032401
0123423140340121042342301
0123432410431021402320341
0123432140243011042343012
0123420341140233241043102
0123412043431022431030421
0123440123234011234034012
0123413402243103204140123
0123423401403123214014023
0123434120423012041313042
0123434120130422041342301
0123423410320411430240123
0123410342234014201334120
0123414023234104230130142
0123420341431023241014023
0123410342324014312024013
0123413042341204230120413
0123442301341202041313042
0123432410140232034143102
0123434120204131304242301
0123424103430123042112340
0123442301204133412013042
0123410342341202340142013
0123442301201431342034012
0123443012143203240120143
0123430142243011342042013
0123420341140234310232410
0123432410203411402343102
0123414023203413241043102
0123420413123404310234021
0123434102204134302112340
0123432410431022034114023
0123440123230413241014302
0123442310104232304134102
0123430421130424231024103
0123432041401232341014302
0123414302304212314042013
0123443021243103014212403
0123413042324104012324301
0123434012124034312020341
0123414023203414310232410
0123410423231404230134012
0123423041324104012314302
0123414302320414312020413
0123432041401231430223410
0123413420420133410220341
0123440312140232314032401
0123412340340122340140123
0123424310431023042112043
0123443102203413241014023
0123440312320412410313420
0123442301130423412020413
0123424103324101304240321
0123420341341204201313402
0123410423243104310232041
0123432410143022304140123
0123423140140234031232401
0123430412123402410343021
0123443021204133214014302
0123440123243101340232041
0123420413341201304242301
0123413402340212014342310
0123413420341024201320341
0123423140423011042334012
0123432401231404031214023
0123440123324101304224301
0123412403340124032123140
0123440123340121234023401
0123442310301421402323401
0123410342341204201323401
0123430412431202430112043
0123430421241034231013042
0123440123324102304114302
0123432410130422430140123
0123443021301421240324310
0123412043431023042124310
0123412340241034302130412
0123412043243013041243120
0123440123123403401223401
0123412043234103410240321
0123432041134202410340312
0123412340304212410343012
0123434012123402340140123
0123413420241033204140312
0123423401341204031212043
0123434021421031034223410
0123434120403122304112403
0123442301204131304234120
0123424310320414310210423
0123440312140232340132140
0123430412241031234043021
0123442103243101304230421
0123440321124032314034012
0123420413431203204114302
0123414302320414012323410
0123430142140232340142310
0123440321321402401313402
0123430142134202430142013
0123412340304214301224103
0123443012324012014314320
0123424103304121234043021
0123442301130422041334120
0123412340304212401343102
0123414023431022034132410
0123442310230413410210423
0123413402201433402142310
0123412340431022401330421
0123432410130422410340321
0123413042243104210330421
0123430412430212410312340
0123434120234014031212043
0123413042324014012324310
0123413042204134230134120
0123434021134024231020143
0123424013304211234043102
0123414023301424231023401
0123443120103422401332401
0123413042241034032132410
0123414320431022041332041
0123414320320412041343102
0123442310130423042124103
0123434012134204230120143
0123424103130423241040321
0123410342421032341034021
0123410423231403401242301
0123440312241031342032041
0123442301140232341030142
0123430412120432430143120
0123430142124032431043021
0123443021241031234030412
0123434120403122340112043
0123413042241033241040321
0123442301301422341014023
0123424310430213014212403
0123443102120433042124310
0123440123230411430232410
0123443012201433240114320
0123430142423101402323401
0123430142430212431012403
0123442103340211034223410
0123434120204134230113042
0123412043403212341034102
0123440321134022401332140
0123430142143204201323401
0123424103123403041243021
0123440312234013412012043
0123420413431021234034021
0123443102320412041314320
0123443021243101240330142
0123430421243104210313042
0123412340304214310224013
0123423140420131430230421
0123430421130422431042103
0123420413423011304234120
0123434102423102304110423
0123424103324104032113042
0123414302430212041332140
0123443021241033241010342
0123423401403121402332140
0123413402423102014334021
0123442310304212410313042
0123432410401231304224301
0123442013203411342034102
0123420143430123240114320
0123414302204133204143120
0123420341420133412013402
0123442301231403401210423
0123423401301421402342310
0123440312230411240334120
0123430421143022314042013
0123430412241034302112340
0123443012341202034112403
0123443102204131234034021
0123423140143024201330421
0123434021231404031212403
0123432041204134310214320
0123440123320411340224310
0123443021124032431030142
0123434120403121240323041
0123432041143204310220413
0123440123134023204124310
0123434102123404302120413
0123432041234101430240123
0123432401140232314040312
0123430412430211234024103
0123424013431201034232401
0123414023234014031232140
0123442013231401430230421
0123412043234104032134102
0123430412431201204324301
0123420341431201240334012
0123432410201434302114302
0123432041401231340224310
0123412043403123412023401
0123440321321401340224013
0123413402341202034142013
0123412403340214031223140
0123412403231404031234021
0123430421120434310224310
0123443102240131234030421
0123413420420133014224301
0123424103430121234030421
0123443102324101402320341
0123432041431021042324310
0123440312124033412023041
0123432041204131432043102
0123424301324101304240123
0123424103304124302112340
0123420143423013401213420
0123443102140233241020341
0123430142140234230123410
0123420341431021402332410
0123442103130422431030421
0123414023324012314040312
0123414302320412041343120
0123443021324101430220143
0123420341324104310214023
0123423401301424201314320
0123413420320414031224103
0123413042401232430132410
0123432410401232304114302
0123440123143022341032041
0123423041143203041242103
0123414320320414310220413
0123420413340214310212340
0123440321240131340232140
0123434120420132034113402
0123443012124032034134120
0123423140340124032112403
0123424310124033014243021
0123414302324102304140123
0123434021234101034242103
0123443021143023241020143
0123430421421032431013042
0123440312341201240323041
0123413042423013412020413
0123424310301424302112403
0123420341340121240343120
0123413042421033042124310
0123423140304124230114023
0123432140403211340224013
0123424103430213041212340
0123432140403122340114023
0123434012423012014313420
0123420341134203410242013
0123420413431023204114320
0123413042241034231030421
0123414320301424201323401
0123414320234013014242013
0123420341420131340234120
0123413042421032431030421
0123443102143203204120413
0123443102243101042332041
0123424310130423042142103
0123430421430121234024103
0123413402403212401332140
0123430421241031304242310
0123434120124034031223041
0123432041403122410313420
0123432401243101304240123
0123432401403121402323140
0123412403341204301220341
0123443120204133204114302
0123410423341024231023041
0123443021304122410312340
0123420413430211234034102
0123443102340212041312340
0123412043341024032123410
0123424310421031304230421
0123442013234013014214320
0123430421231404201314302
0123410342241034302132410
0123424103130423042142310
0123414302430213214020413
0123424310130424210330421
0123443021341022041312340
0123414023301424230123410
0123414023403122314032401
0123432140134024032124013
0123434012234014012312340
0123412403403123402123140
0123414302401233241023041
0123424013431023042112340
0123413042304212431042103
0123432140240131340240321
0123414320234014201330142
0123423401403123412012043
0123414302430213241020143
0123430412230411432042103
0123413402423103402120143
0123442103103422341034021
0123440123130423241024301
0123442013304212314014302
0123412403230414031234120
0123412403301424302124310
0123420413430211430232140
0123443102204133204114320
0123432410430211034224103
0123412403403213401223140
0123424013134204230130142
0123420341324101402343102
0123412403341202304140312
0123430142124034302124310
0123432401430122014314320
0123432410230411430240123
0123413402321402401340321
0123442013134202034134102
0123443102203411402332410
0123420413431021432032041
0123412340204134302134102
0123432041431022041314320
0123442301301421402323410
0123413402240134032132140
0123414023324102034143102
0123410342431202401332401
0123430421123402410343012
0123414302324104012323041
0123430421431022431012043
0123414302420133042123140
0123424301430123214010423
0123430142234011402342310
0123420413341204230113042
0123430142243101240343021
0123430421243101204343102
0123424013403213214013402
0123430142423011342024013
0123442301104232314034012
0123432401103424312024013
0123414023234103014242301
0123412403243104302130142
0123410342234103402142103
0123434120420132340110342
0123413402320414012324310
0123424310124034302130142
0123430142423102340114023
0123412340401233401223401
0123414023231403041242301
0123420143430213241014302
0123410342421033402123410
0123430421231401430242013
0123432401243104012313042
0123434021421032341010342
0123442301234103014214023
0123420341430121240334120
0123432401240131034243120
0123432410230414012314302
0123443120243013041212043
0123420341134203401242103
0123413042341202041342301
0123414320430122014332401
0123434012104234230123140
0123430412421032304114320
0123443102204131432032041
0123412403243103014243021
0123412340431022041334021
0123423140423011402330412
0123430421431022401312340
0123413042241033042142310
0123432401143204301220143
0123410342324102410343021
0123432041243104012313402
0123440123320412431013402
0123413420301424230124013
0123424103123404302130412
0123442103304211304224310
0123443102204133402112340
0123413042401233240124310
0123412403203413401243120
0123414320204134310232041
0123420143134023402142310
0123413402403213214024013
0123434021103422341042103
0123420413143204310232041
0123413420241034031232041
0123440123134022431032041
0123423410140234230130142
0123412340430213041224103
0123410342240134312032401
0123442301234101402330142
0123442013341201034223401
0123434102430212041312340
0123443021123403041224103
0123424310324011304240123
0123424310304211304242103
0123414023423013014223410
0123423401401233401212340
0123434012423012314010423
0123432401130422431040123
0123432041143024012323410
0123432140104234301224301
0123440321240133214013402
0123442013243011342030142
0123443102104233204124310
0123443021123403410220413
0123414302431202041332041
0123423041143023241040123
0123423401420131034234120
0123424013321401340240321
0123413042304214210324310
0123420413423013412013042
0123423041401231430232410
0123443102243103204110423
0123442301134202014334012
0123443102143202041332041
0123443012104233214024301
0123423140340211240340312
0123410342234104210334021
0123412403341204031223041
0123442301240133014213420
0123412043431203041224301
0123430142234014231014023
0123430421243101304242103
0123413042401232431032401
0123420341124033412043012
0123443021301422431012403
0123440123130422430132410
0123443102304211204324310
0123424310430211240330142
0123423041421031432030412
0123432140104232430143012
0123442301340121342020143
0123440312124033402123140
0123412043341022341040321
0123432041104232431043102
0123414302324104302120143
0123420341420131342034102
0123442310134023402120143
0123443012203413412012403
0123434102420131342020341
0123432410143024012323041
0123420341134024201334120
0123434012401231234023401
0123412340234013401240123
0123432401403122314014023
0123414023403123214023401
0123423401403121204334120
0123432140134022401340321
0123440123143023241023041
0123412340340212041343102
0123414320204133204143102
0123413042243014012332410
0123443102324102034114023
0123414023234013014242310
0123442013301422340114320
0123423041143024012332410
0123423410103424210334021
0123414302321404302120413
0123424310120434310230421
0123420413143023214043021
0123423140423013401210423
0123424310421033042113042
0123442013234011034234120
0123423041324101430240123
0123440123143022304132410
0123424310401233204113402
0123434021423102014313402
0123423401140233014242310
0123442013301422430113420
0123414302204134302132140
0123420341431203401212403
0123442310304211304224103
0123430142423012401313420
0123412340431023402120413
0123434120124032304140312
0123412340234014012334012
0123434102234101204340321
0123420413321401430243021
0123424301104233214043012
0123443120204131430232041
0123413420421033401220341
0123434120203411240343012
0123423140124033401240321
0123412340241033042143012
0123440123243101304232401
0123434021204134310212340
0123434102120434032123410
0123413042403213241024103
0123413420340122014342301
0123432410241031304240321
0123432041104234310224310
0123414320421033041223041
0123413420203413401242103
0123430142420131342024301
0123434120103422340142013
0123443102304212431012043
0123432041243104310210423
0123442013134203014224301
0123412340341022041343021
0123432401103422401343120
0123414302230414012332410
0123414320230413041242103
0123424301120434312030412
0123443021124033014224310
0123412043431202430130412
0123413420341022034142013
0123443012104232430132140
0123414320304122304142103
0123412403403123412023041
0123442013143023042123140
0123434012134202034142103
0123423410341024032112043
0123440123243013241013042
0123432410401232430113042
0123413420240133014242301
0123434012234011234040123
0123423410421033402110342
0123424310431023204110423
0123412043403213410223410
0123410423243013214043012
0123424013324011034243120
0123432140243014301210423
0123430142134202401342301
0123410423430123214024301
0123442310234013014214023
0123423041341204031212403
0123424301324104012313042
0123423410103423402142103
0123424301321404301210423
0123410423423103410223041
0123432410103422410343021
0123410423430122430132140
0123434120403121204323401
0123414302401232341032041
0123442310130422410330421
0123443021204133410212340
0123412403340122314040321
0123443012143202014332401
0123424301301421342042013
0123413402240133214040321
0123440312321401402323401
0123432041243101042343102
0123434021201434231013402
0123442301231403041214023
0123434021134022014342310
0123420413341021234043021
0123442103143202304130412
0123440312234011204334120
0123430142420132340114320
0123412340430122410330421
0123412403403122314034021
0123440123234101430232041
0123413420243014201330142
0123430412231404230114023
0123442301134203014224013
0123410342241033241043021
0123432140143022041343021
0123442301240131342030142
0123442013301421342024301
0123443120203411240334012
0123412043234013412040312
0123420143340214231013402
0123443120120433041224301
0123423140304121402342301
0123412043403122340134120
0123432410241034032113042
0123430421130424210324310
0123430412140234230123140
0123420143324011432043012
0123413042243103042142103
0123434120423011304220413
0123434120234014201310342
0123414320431023204120413
0123412340401232340134012
0123442310340211340220143
0123442301304122314014023
0123440123234013401212340
0123414302321402041343021
0123424103324101034243021
0123420413143024302132140
0123420341340124312012403
0123423410403211204334102
0123443021103423241024103
0123442013103423412023401
0123420143423103402113402
0123443012123403042124103
0123412403230413412040312
0123412043304212431043102
0123434012231401240340321
0123434012401232340112340
0123434120234011204340312
0123443120340121240320341
0123413420421032034134012
0123412043341204031223401
0123430412140232314042301
0123424013301421342042301
0123412403403212314034012
0123423140403121402332401
0123443012321401042324301
0123434021201431340242310
0123414023301422340142310
0123442013203413410213420
0123420341340121342042103
0123443012243013214010423
0123410342340214210323410
0123424013123404310230421
0123423401340121234040123
0123434021124032314040312
0123432140234014031214023
0123413402203414201334120
0123414023423013041223140
0123443120103423240124013
0123414302230413241040123
0123420143143204301232401
0123434102104234231023041
0123424103304211304242310
0123442013234013412010342
0123432410430211430220143
0123440123123402340134012
0123412043304124312024301
0123434102120432341040321
0123432041143024312020413
0123430412423011402323140
0123440321134023214024013
0123410342240133240143120
0123414320230414210330412
0123442301140233041223140
0123423401341201034242013
0123432041143022341040123
0123442310134022014334021
0123413420340122034142103
0123423401140234231030142
0123440312341202340112043
0123440312341201204323401
0123434102204131234043021
0123423140423013041214023
0123420341134204210334012
0123423410423013014214023
0123414023301422341042301
0123424103304211234043012
0123412403231403401240321
0123440123143023204123410
0123434120234011034242013
0123423410421031034234021
0123434012134204210320341
0123442013134202430130142
0123413402201434231034021
0123410423321404301224301
0123434120103424201323401
0123414023231404031232401
0123440123320411430223410
0123432140204134302114302
0123424301420133014213420
0123434012203414312012403
0123442013134022034134120
0123430142243104302112403
0123432140143024302120413
0123434012431202034112403
0123424013134023214040321
0123443120203413401212403
0123413420240134230130142
0123414302204133214043021
0123434120120432340140312
0123423140403211240334012
0123432401430121432020143
0123423041124034031234120
0123412043234014031234120
0123412340430212410330412
0123442013231403042114302
0123434120120434031223401
0123430142234101402342301
0123414023403123240123140
0123432401240134312010342
0123424301304121204343120
0123412403431203401220341
0123434021234104210310342
0123430412143204210323041
0123432140204131430243021
0123440321120433410223410
0123412340304124302124103
0123440312120433412023401
0123443120124032034134012
0123410423423013401223140
0123430142420132430113420
0123413402321404032124013
0123420413430213410212340
0123424301301424201313420
0123410423423102304134102
0123423041401233241014302
0123413402420132034134120
0123442013341202034113402
0123414302401232304132410
0123414023423103014223401
0123413420340124210320341
0123440321234103410212043
0123442103203413401213420
0123412043243014312030412
0123423401123403401240123
0123413420423013401220143
0123420413123403402143102
0123423140340124230110423
0123442103340212341010342
0123430421423101304224103
0123442013203413412013402
0123414023423012314030412
0123430412120434312024301
0123442301231401402330412
0123442310341021042323041
0123434012421032034113420
0123440312234013214014023
0123424103403213241013042
0123420341124034312034012
0123442103203411342034012
0123410423423012314034012
0123432041143202041343102
0123420143423011342034012
0123420341341201240343012
0123414320201433240143012
0123432410201431430243021
0123424103430211234030412
0123412403430212431030142
0123432041431021432020413
0123412403203414312034012
0123432410140234310220341
0123434012203411342042103
0123434021423101340220143
0123423401401231234034012
0123432410130424032124103
0123424301431203041212043
0123423401140234031232140
0123413420301422430142013
0123432041134204031224103
0123423140340121240340321
0123413420201434230134012
0123410423230414231034102
0123440312231401240334021
0123430142243014201313420
0123412403340124312020341
0123442103304121432023041
0123443120124033401220341
0123430142240134230113420
0123440312120432340134120
0123442103130423042124310
0123413420243013014242013
0123414023403122340132140
0123430412243014312012043
0123434021403121240323140
0123442103243103042113042
0123424310304214310212043
0123413420403122410332041
0123442310201433402113402
0123424103304214301212340
0123432140430121042324301
0123442301140232314030412
0123424310130424012332401
0123442301304121402323140
0123424301401233241013042
0123423401120434031234120
0123414023423012341030142
0123413420203414210334012
0123430421243104310212043
0123443012243011042332140
0123432401431201034224013
0123424301130423241040123
0123410423340124230123140
0123442310301422340114023
0123420413143024312032041
0123420143340121342042301
0123432401130424012324310
0123414302430212014332410
0123420143134024231034021
0123434120203414201313402
0123434102134202034142013
0123430412230414210314320
0123423140104234230134012
0123432041134024012324310
0123413420320412410340312
0123442103340121342020341
0123443012123402410330421
0123440321231401240334012
0123443012241033042112340
0123440123243011304232410
0123420143143023241043021
0123430421431021234024013
0123424103123404301230421
0123440321340122314012403
0123423041341201240340312
0123413402401233204124310
0123423041403123412012403
0123414023324104310220341
0123423140143023042142013
0123424013123403042143102
0123413402243104012332041
0123424013304214310212340
0123440321324101304224103
0123424310134023204140123
0123430421423102410313042
0123413402320412431040123
0123414320420132340130142
0123432140430212041314302
0123434021204131234043102
0123442013341202340110342
0123423401420133412010342
0123434102230414231010423
0123430142234014201314320
0123413420340124230120143
0123423140403121240334021
0123424310304214210313042
0123434012231401042342301
0123430421130422410342310
0123423410320414012314302
0123443120320412041314302
0123424310431021204330421
0123434021431022041312340
0123434120230414031212403
0123414302231404201330421
0123432140140232340140312
0123432410243011304240123
0123424013423011342030142
0123442013243013014213420
0123413042423012041334120
0123410423431022431032041
0123423410423011402330142
0123432401140234031223140
0123434102123402041343021
0123443102320411432020413
0123434102104232304142310
0123432401231401402340312
0123430412243011204343120
0123424301430121042332140
0123420341134023412042013
0123434012203414210313420
0123443120340122034112403
0123410423243103204143102
0123423401340124012312340
0123424013301424230113420
0123412403301422431043021
0123410423320414310224310
0123434102203411342042013
0123442301340121042323140
0123424013423013014213420
0123410423431023204124310
0123432401201431432043012
0123432140140234031223401
0123410423340122314042301
0123432041401232431013402
0123423140124034031234021
0123423041124033412040312
0123414320420133014223401
0123423401123404012334012
0123440321324102410313042
0123423041403121240334120
0123413402420133412020341
0123410342430212410332410
0123434012124032034143120
0123442013143202340130142
0123434021431021234020413
0123432410401231430223041
0123432140234011402340312
0123410342324104302124103
0123440312124032314034021
0123420413320411430243120
0123440123130422431032401
0123434021123402041343102
0123434102134204201320341
0123420341341024201313420
0123432401401231304224310
0123412403231404032134012
0123423401341201204340312
0123443012304212410312340
0123420143340124230113420
0123442310241033042113042
0123420341124033401243120
0123413402401232431032041
0123424301304124312012043
0123440321241031304232410
0123442310201431340234021
0123440321340121240323140
0123434102420132034113420
0123412043304214310224310
0123420143134203401242301
0123423410401233204114302
0123440321130423241024103
0123443012241031234030421
0123423401321401402340312
0123443021103422410332410
0123420341430123412012403
0123432410241034302110342
0123443102240133042112340
0123442013341022034113420
0123413042304212410342310
0123432041134022431040123
0123434012421031342020341
0123413420423013014224013
0123424310104234310232041
0123434021103424210323410
0123423140324014031214023
0123432410103424302124103
0123430421240131234043102
0123424013403211340232140
0123410342430213241024103
0123443021321401430220413
0123413420420132430130142
0123440312321402340114023
0123432041431202041314302
0123423041423103410210423
0123432410430212014314302
0123440312140233214023401
0123424310324014012313042
0123423401423103014214023
0123420413320411432043102
0123414302420132314030421
0123413042423102410330421
0123412403340122034143120
0123443102340211234020413
0123442103234101034234021
0123420341341021342042013
0123434120430121240320341
0123412340430123042124103
0123412340241033041243021
0123414302204134312032041
0123410342234013412042013
0123430421241034301212340
0123414302201434302132410
0123440123234103204114302
0123434012123404012323401
0123424310120433042143102
0123423410143024012332041
0123440321130422410332410
0123434120134022034142013
0123443021201433241014302
0123443021123402041334102
0123413420423012401330142
0123412403231403402140312
0123424103130424032132410
0123443102104232431032041
0123434012201434230113420
0123430421420132314014302
0123414302431203204120413
0123412340304122410343021
0123430142240131342042301
